   0.000      3.360933
   0.004      3.361201
   0.008      3.361333
   0.012      3.361118
   0.015      3.361224
   0.019      3.361506
   0.023      3.361843
   0.027      3.362467
   0.031      3.363376
   0.035      3.364637
   0.039      3.366434
   0.043      3.368731
   0.046      3.371658
   0.050      3.375297
   0.054      3.379687
   0.058      3.384847
   0.062      3.390855
   0.066      3.397693
   0.070      3.405367
   0.074      3.413837
   0.077      3.423072
   0.081      3.433047
   0.085      3.443678
   0.089      3.454891
   0.093      3.466659
   0.097      3.478934
   0.101      3.491662
   0.104      3.504771
   0.108      3.518226
   0.112      3.531966
   0.116      3.545976
   0.120      3.560193
   0.124      3.574603
   0.128      3.589165
   0.132      3.603856
   0.135      3.618641
   0.139      3.633505
   0.143      3.648422
   0.147      3.663355
   0.151      3.678310
   0.155      3.693266
   0.159      3.708175
   0.163      3.723058
   0.166      3.737869
   0.170      3.752614
   0.174      3.767271
   0.178      3.781826
   0.182      3.796270
   0.186      3.810586
   0.190      3.824761
   0.193      3.838783
   0.197      3.852642
   0.201      3.866320
   0.205      3.879808
   0.209      3.893105
   0.213      3.906182
   0.217      3.919045
   0.221      3.931665
   0.224      3.944051
   0.228      3.956176
   0.232      3.968032
   0.236      3.979617
   0.240      3.990914
   0.244      4.001916
   0.248      4.012609
   0.252      4.022989
   0.255      4.033046
   0.259      4.042754
   0.263      4.052126
   0.267      4.061140
   0.271      4.069793
   0.275      4.078061
   0.279      4.085949
   0.282      4.093436
   0.286      4.100522
   0.290      4.107201
   0.294      4.113457
   0.298      4.119278
   0.302      4.124662
   0.306      4.129599
   0.310      4.134079
   0.313      4.138098
   0.317      4.141637
   0.321      4.144706
   0.325      4.147269
   0.329      4.149330
   0.333      4.150893
   0.337      4.151976
   0.341      4.152562
   0.344      4.152614
   0.348      4.152122
   0.352      4.151087
   0.356      4.149509
   0.360      4.147376
   0.364      4.144675
   0.368      4.141408
   0.371      4.137571
   0.375      4.133149
   0.379      4.128140
   0.383      4.122538
   0.387      4.116339
   0.391      4.109536
   0.395      4.102125
   0.399      4.094103
   0.402      4.085461
   0.406      4.076199
   0.410      4.066318
   0.414      4.055807
   0.418      4.044662
   0.422      4.032886
   0.426      4.020467
   0.430      4.007410
   0.433      3.993712
   0.437      3.979365
   0.441      3.964372
   0.445      3.948728
   0.449      3.932438
   0.453      3.915494
   0.457      3.897900
   0.460      3.879660
   0.464      3.860761
   0.468      3.841209
   0.472      3.821014
   0.476      3.800167
   0.480      3.778665
   0.484      3.756518
   0.488      3.733729
   0.491      3.710294
   0.495      3.686215
   0.499      3.661496
   0.503      3.636145
   0.507      3.610160
   0.511      3.583548
   0.515      3.556312
   0.519      3.528457
   0.522      3.499985
   0.526      3.470905
   0.530      3.441221
   0.534      3.410937
   0.538      3.380062
   0.542      3.348600
   0.546      3.316560
   0.549      3.283946
   0.553      3.250769
   0.557      3.217033
   0.561      3.182750
   0.565      3.147927
   0.569      3.112573
   0.573      3.076698
   0.577      3.040310
   0.580      3.003420
   0.584      2.966037
   0.588      2.928172
   0.592      2.889838
   0.596      2.851043
   0.600      2.811798
   0.604      2.772119
   0.608      2.732014
   0.611      2.691497
   0.615      2.650581
   0.619      2.609278
   0.623      2.567603
   0.627      2.525569
   0.631      2.483190
   0.635      2.440478
   0.638      2.397450
   0.642      2.354119
   0.646      2.310501
   0.650      2.266610
   0.654      2.222460
   0.658      2.178072
   0.662      2.133458
   0.666      2.088633
   0.669      2.043615
   0.673      1.998422
   0.677      1.953069
   0.681      1.907572
   0.685      1.861949
   0.689      1.816217
   0.693      1.770392
   0.697      1.724494
   0.700      1.678539
   0.704      1.632543
   0.708      1.586527
   0.712      1.540509
   0.716      1.494503
   0.720      1.448533
   0.724      1.402611
   0.727      1.356758
   0.731      1.310994
   0.735      1.265334
   0.739      1.219796
   0.743      1.174399
   0.747      1.129164
   0.751      1.084106
   0.755      1.039243
   0.758      0.994594
   0.762      0.950175
   0.766      0.906009
   0.770      0.862110
   0.774      0.818496
   0.778      0.775186
   0.782      0.732201
   0.786      0.689561
   0.789      0.647279
   0.793      0.605372
   0.797      0.563856
   0.801      0.522745
   0.805      0.482054
   0.809      0.441800
   0.813      0.401999
   0.816      0.362664
   0.820      0.323814
   0.824      0.285464
   0.828      0.247626
   0.832      0.210314
   0.836      0.173541
   0.840      0.137325
   0.844      0.101677
   0.847      0.066607
   0.851      0.032132
   0.855     -0.001739
   0.859     -0.034993
   0.863     -0.067618
   0.867     -0.099604
   0.871     -0.130943
   0.875     -0.161617
   0.878     -0.191623
   0.882     -0.220949
   0.886     -0.249590
   0.890     -0.277535
   0.894     -0.304777
   0.898     -0.331311
   0.902     -0.357129
   0.905     -0.382223
   0.909     -0.406589
   0.913     -0.430225
   0.917     -0.453121
   0.921     -0.475276
   0.925     -0.496687
   0.929     -0.517347
   0.933     -0.537255
   0.936     -0.556412
   0.940     -0.574816
   0.944     -0.592466
   0.948     -0.609361
   0.952     -0.625505
   0.956     -0.640895
   0.960     -0.655534
   0.964     -0.669425
   0.967     -0.682570
   0.971     -0.694971
   0.975     -0.706634
   0.979     -0.717563
   0.983     -0.727760
   0.987     -0.737231
   0.991     -0.745984
   0.994     -0.754024
   0.998     -0.761361
   1.002     -0.768001
   1.006     -0.773952
   1.010     -0.779222
   1.014     -0.783821
   1.018     -0.787758
   1.022     -0.791045
   1.025     -0.793690
   1.029     -0.795706
   1.033     -0.797104
   1.037     -0.797892
   1.041     -0.798084
   1.045     -0.797696
   1.049     -0.796739
   1.053     -0.795228
   1.056     -0.793178
   1.060     -0.790599
   1.064     -0.787508
   1.068     -0.783920
   1.072     -0.779850
   1.076     -0.775316
   1.080     -0.770333
   1.083     -0.764913
   1.087     -0.759077
   1.091     -0.752837
   1.095     -0.746212
   1.099     -0.739220
   1.103     -0.731881
   1.107     -0.724208
   1.111     -0.716219
   1.114     -0.707933
   1.118     -0.699367
   1.122     -0.690537
   1.126     -0.681465
   1.130     -0.672168
   1.134     -0.662662
   1.138     -0.652967
   1.142     -0.643096
   1.145     -0.633072
   1.149     -0.622908
   1.153     -0.612624
   1.157     -0.602241
   1.161     -0.591775
   1.165     -0.581241
   1.169     -0.570656
   1.172     -0.560036
   1.176     -0.549398
   1.180     -0.538760
   1.184     -0.528138
   1.188     -0.517549
   1.192     -0.507006
   1.196     -0.496525
   1.200     -0.486117
   1.203     -0.475798
   1.207     -0.465581
   1.211     -0.455482
   1.215     -0.445516
   1.219     -0.435693
   1.223     -0.426020
   1.227     -0.416511
   1.231     -0.407176
   1.234     -0.398021
   1.238     -0.389058
   1.242     -0.380298
   1.246     -0.371754
   1.250     -0.363424
   1.254     -0.355312
   1.258     -0.347426
   1.261     -0.339769
   1.265     -0.332343
   1.269     -0.325149
   1.273     -0.318198
   1.277     -0.311488
   1.281     -0.305013
   1.285     -0.298771
   1.289     -0.292758
   1.292     -0.286968
   1.296     -0.281396
   1.300     -0.276035
   1.304     -0.270874
   1.308     -0.265901
   1.312     -0.261110
   1.316     -0.256494
   1.320     -0.252041
   1.323     -0.247738
   1.327     -0.243572
   1.331     -0.239538
   1.335     -0.235588
   1.339     -0.231679
   1.343     -0.227825
   1.347     -0.224044
   1.350     -0.220326
   1.354     -0.216668
   1.358     -0.213065
   1.362     -0.209514
   1.366     -0.206013
   1.370     -0.202581
   1.374     -0.199213
   1.378     -0.195899
   1.381     -0.192631
   1.385     -0.189412
   1.389     -0.186239
   1.393     -0.183111
   1.397     -0.180028
   1.401     -0.176994
   1.405     -0.174015
   1.409     -0.171092
   1.412     -0.168215
   1.416     -0.165384
   1.420     -0.162599
   1.424     -0.159859
   1.428     -0.157162
   1.432     -0.154509
   1.436     -0.151898
   1.439     -0.149328
   1.443     -0.146801
   1.447     -0.144314
   1.451     -0.141866
   1.455     -0.139458
   1.459     -0.137090
   1.463     -0.134758
   1.467     -0.132464
   1.470     -0.130207
   1.474     -0.127986
   1.478     -0.125802
   1.482     -0.123652
   1.486     -0.121536
   1.490     -0.119455
   1.494     -0.117408
   1.498     -0.115392
   1.501     -0.113410
   1.505     -0.111460
   1.509     -0.109540
   1.513     -0.107653
   1.517     -0.105795
   1.521     -0.103967
   1.525     -0.102169
   1.528     -0.100399
   1.532     -0.098659
   1.536     -0.096947
   1.540     -0.095262
   1.544     -0.093604
   1.548     -0.091974
   1.552     -0.090369
   1.556     -0.088791
   1.559     -0.087238
   1.563     -0.085710
   1.567     -0.084207
   1.571     -0.082730
   1.575     -0.081275
   1.579     -0.079844
   1.583     -0.078436
   1.587     -0.077052
   1.590     -0.075690
   1.594     -0.074350
   1.598     -0.073032
   1.602     -0.071736
   1.606     -0.070461
   1.610     -0.069206
   1.614     -0.067972
   1.617     -0.066758
   1.621     -0.065564
   1.625     -0.064390
   1.629     -0.063235
   1.633     -0.062099
   1.637     -0.060982
   1.641     -0.059883
   1.645     -0.058802
   1.648     -0.057739
   1.652     -0.056694
   1.656     -0.055665
   1.660     -0.054653
   1.664     -0.053659
   1.668     -0.052681
   1.672     -0.051719
   1.676     -0.050773
   1.679     -0.049843
   1.683     -0.048928
   1.687     -0.048029
   1.691     -0.047144
   1.695     -0.046274
   1.699     -0.045419
   1.703     -0.044578
   1.706     -0.043751
   1.710     -0.042938
   1.714     -0.042139
   1.718     -0.041352
   1.722     -0.040580
   1.726     -0.039820
   1.730     -0.039073
   1.734     -0.038339
   1.737     -0.037617
   1.741     -0.036907
   1.745     -0.036209
   1.749     -0.035523
   1.753     -0.034849
   1.757     -0.034186
   1.761     -0.033535
   1.765     -0.032895
   1.768     -0.032265
   1.772     -0.031647
   1.776     -0.031039
   1.780     -0.030440
   1.784     -0.029853
   1.788     -0.029276
   1.792     -0.028708
   1.795     -0.028151
   1.799     -0.027603
   1.803     -0.027064
   1.807     -0.026535
   1.811     -0.026015
   1.815     -0.025505
   1.819     -0.025003
   1.823     -0.024509
   1.826     -0.024024
   1.830     -0.023548
   1.834     -0.023081
   1.838     -0.022621
   1.842     -0.022169
   1.846     -0.021725
   1.850     -0.021290
   1.854     -0.020862
   1.857     -0.020442
   1.861     -0.020028
   1.865     -0.019623
   1.869     -0.019224
   1.873     -0.018833
   1.877     -0.018449
   1.881     -0.018072
   1.884     -0.017700
   1.888     -0.017336
   1.892     -0.016979
   1.896     -0.016628
   1.900     -0.016283
   1.904     -0.015945
   1.908     -0.015613
   1.912     -0.015287
   1.915     -0.014967
   1.919     -0.014652
   1.923     -0.014343
   1.927     -0.014040
   1.931     -0.013743
   1.935     -0.013451
   1.939     -0.013165
   1.943     -0.012883
   1.946     -0.012607
   1.950     -0.012336
   1.954     -0.012070
   1.958     -0.011810
   1.962     -0.011554
   1.966     -0.011302
   1.970     -0.011056
   1.973     -0.010814
   1.977     -0.010576
   1.981     -0.010344
   1.985     -0.010116
   1.989     -0.009892
   1.993     -0.009672
   1.997     -0.009457
   2.001     -0.009245
   2.004     -0.009038
   2.008     -0.008835
   2.012     -0.008636
   2.016     -0.008440
   2.020     -0.008248
   2.024     -0.008060
   2.028     -0.007876
   2.032     -0.007695
   2.035     -0.007519
   2.039     -0.007345
   2.043     -0.007174
   2.047     -0.007008
   2.051     -0.006844
   2.055     -0.006684
   2.059     -0.006527
   2.063     -0.006373
   2.066     -0.006222
   2.070     -0.006074
   2.074     -0.005930
   2.078     -0.005788
   2.082     -0.005649
   2.086     -0.005513
   2.090     -0.005380
   2.093     -0.005249
   2.097     -0.005121
   2.101     -0.004996
   2.105     -0.004873
   2.109     -0.004753
   2.113     -0.004635
   2.117     -0.004521
   2.121     -0.004407
   2.124     -0.004297
   2.128     -0.004190
   2.132     -0.004084
   2.136     -0.003980
   2.140     -0.003879
   2.144     -0.003780
   2.148     -0.003683
   2.152     -0.003588
   2.155     -0.003496
   2.159     -0.003405
   2.163     -0.003316
   2.167     -0.003229
   2.171     -0.003145
   2.175     -0.003061
   2.179     -0.002980
   2.182     -0.002901
   2.186     -0.002823
   2.190     -0.002747
   2.194     -0.002673
   2.198     -0.002600
   2.202     -0.002530
   2.206     -0.002461
   2.210     -0.002393
   2.213     -0.002327
   2.217     -0.002262
   2.221     -0.002199
   2.225     -0.002137
   2.229     -0.002077
   2.233     -0.002019
   2.237     -0.001962
   2.241     -0.001905
   2.244     -0.001851
   2.248     -0.001797
   2.252     -0.001745
   2.256     -0.001694
   2.260     -0.001645
   2.264     -0.001596
   2.268     -0.001549
   2.271     -0.001504
   2.275     -0.001459
   2.279     -0.001414
   2.283     -0.001372
   2.287     -0.001330
   2.291     -0.001290
   2.295     -0.001250
   2.299     -0.001211
   2.302     -0.001174
   2.306     -0.001137
   2.310     -0.001102
   2.314     -0.001067
   2.318     -0.001033
   2.322     -0.001000
   2.326     -0.000968
   2.330     -0.000937
   2.333     -0.000906
   2.337     -0.000877
   2.341     -0.000848
   2.345     -0.000820
   2.349     -0.000793
   2.353     -0.000766
   2.357     -0.000741
   2.360     -0.000716
   2.364     -0.000691
   2.368     -0.000667
   2.372     -0.000644
   2.376     -0.000622
   2.380     -0.000600
   2.384     -0.000579
   2.388     -0.000559
   2.391     -0.000539
   2.395     -0.000519
   2.399     -0.000500
   2.403     -0.000483
   2.407     -0.000464
   2.411     -0.000447
   2.415     -0.000431
   2.419     -0.000415
   2.422     -0.000399
   2.426     -0.000384
   2.430     -0.000370
   2.434     -0.000356
   2.438     -0.000342
   2.442     -0.000329
   2.446     -0.000316
   2.449     -0.000303
   2.453     -0.000291
   2.457     -0.000280
   2.461     -0.000269
   2.465     -0.000258
   2.469     -0.000247
   2.473     -0.000237
   2.477     -0.000227
   2.480     -0.000218
   2.484     -0.000209
   2.488     -0.000200
   2.492     -0.000191
   2.496     -0.000183
   2.500     -0.000175
   2.504     -0.000168
   2.508     -0.000160
   2.511     -0.000153
   2.515     -0.000146
   2.519     -0.000140
   2.523     -0.000133
   2.527     -0.000127
   2.531     -0.000121
   2.535     -0.000116
   2.538     -0.000110
   2.542     -0.000105
   2.546     -0.000100
   2.550     -0.000095
   2.554     -0.000090
   2.558     -0.000086
   2.562     -0.000082
   2.566     -0.000077
   2.569     -0.000073
   2.573     -0.000070
   2.577     -0.000066
   2.581     -0.000063
   2.585     -0.000059
   2.589     -0.000056
   2.593     -0.000053
   2.597     -0.000050
   2.600     -0.000047
   2.604     -0.000045
   2.608     -0.000042
   2.612     -0.000040
   2.616     -0.000037
   2.620     -0.000035
   2.624     -0.000033
   2.627     -0.000031
   2.631     -0.000029
   2.635     -0.000027
   2.639     -0.000026
   2.643     -0.000024
   2.647     -0.000023
   2.651     -0.000021
   2.655     -0.000020
   2.658     -0.000018
   2.662     -0.000017
   2.666     -0.000016
   2.670     -0.000015
   2.674     -0.000014
   2.678     -0.000013
   2.682     -0.000012
   2.686     -0.000011
   2.689     -0.000010
   2.693     -0.000009
   2.697     -0.000009
   2.701     -0.000008
   2.705     -0.000007
   2.709     -0.000007
   2.713     -0.000006
   2.716     -0.000006
   2.720     -0.000005
   2.724     -0.000005
   2.728     -0.000004
   2.732     -0.000004
   2.736     -0.000003
   2.740     -0.000003
   2.744     -0.000003
   2.747     -0.000003
   2.751     -0.000002
   2.755     -0.000002
   2.759     -0.000002
   2.763     -0.000002
   2.767     -0.000001
   2.771     -0.000001
   2.775     -0.000001
   2.778     -0.000001
   2.782     -0.000001
   2.786     -0.000001
   2.790     -0.000001
   2.794     -0.000001
   2.798     -0.000001
   2.802     -0.000001
   2.805     -0.000001
   2.809     -0.000000
   2.813     -0.000000
   2.817     -0.000000
   2.821     -0.000000
   2.825     -0.000000
   2.829     -0.000000
   2.833     -0.000000
   2.836     -0.000000
   2.840     -0.000000
   2.844     -0.000000
   2.848     -0.000000
   2.852     -0.000000
   2.856     -0.000000
   2.860     -0.000000
   2.864     -0.000000
   2.867     -0.000000
   2.871     -0.000000
   2.875     -0.000000
   2.879     -0.000000
   2.883     -0.000000
   2.887     -0.000000
   2.891     -0.000000
   2.894     -0.000000
   2.898     -0.000000
   2.902     -0.000000
   2.906     -0.000000
   2.910     -0.000000
   2.914     -0.000000
   2.918     -0.000000
   2.922     -0.000000
   2.925     -0.000000
   2.929     -0.000000
   2.933     -0.000000
   2.937     -0.000000
   2.941     -0.000000
   2.945     -0.000000
   2.949     -0.000000
   2.953     -0.000000
   2.956     -0.000000
   2.960     -0.000000
   2.964     -0.000000
   2.968     -0.000000
   2.972     -0.000000
   2.976     -0.000000
   2.980     -0.000000
   2.983     -0.000000
   2.987     -0.000000
   2.991     -0.000000
   2.995     -0.000000
   2.999     -0.000000
   3.003     -0.000000
   3.007     -0.000000
   3.011     -0.000000
   3.014     -0.000000
   3.018     -0.000000
   3.022     -0.000000
   3.026     -0.000000
   3.030     -0.000000
   3.034     -0.000000
   3.038     -0.000000
   3.042     -0.000000
   3.045     -0.000000
   3.049     -0.000000
   3.053     -0.000000
   3.057     -0.000000
   3.061     -0.000000
   3.065     -0.000000
   3.069     -0.000000
   3.072     -0.000000
   3.076     -0.000000
   3.080     -0.000000
   3.084     -0.000000
   3.088     -0.000000
   3.092     -0.000000
   3.096     -0.000000
