   0.000      0.339626
   0.004      0.339636
   0.008      0.339645
   0.012      0.339661
   0.016      0.339682
   0.019      0.339711
   0.023      0.339745
   0.027      0.339786
   0.031      0.339832
   0.035      0.339886
   0.039      0.339945
   0.043      0.340011
   0.047      0.340083
   0.051      0.340161
   0.055      0.340245
   0.059      0.340336
   0.062      0.340433
   0.066      0.340536
   0.070      0.340646
   0.074      0.340762
   0.078      0.340884
   0.082      0.341012
   0.086      0.341147
   0.090      0.341288
   0.094      0.341435
   0.098      0.341589
   0.101      0.341749
   0.105      0.341915
   0.109      0.342088
   0.113      0.342267
   0.117      0.342452
   0.121      0.342644
   0.125      0.342842
   0.129      0.343047
   0.133      0.343258
   0.136      0.343475
   0.140      0.343699
   0.144      0.343929
   0.148      0.344166
   0.152      0.344409
   0.156      0.344659
   0.160      0.344915
   0.164      0.345178
   0.168      0.345447
   0.172      0.345722
   0.175      0.346005
   0.179      0.346293
   0.183      0.346589
   0.187      0.346890
   0.191      0.347199
   0.195      0.347514
   0.199      0.347835
   0.203      0.348164
   0.207      0.348498
   0.211      0.348840
   0.214      0.349188
   0.218      0.349543
   0.222      0.349904
   0.226      0.350272
   0.230      0.350647
   0.234      0.351029
   0.238      0.351417
   0.242      0.351812
   0.246      0.352214
   0.250      0.352623
   0.253      0.353038
   0.257      0.353460
   0.261      0.353889
   0.265      0.354325
   0.269      0.354767
   0.273      0.355217
   0.277      0.355673
   0.281      0.356136
   0.285      0.356607
   0.289      0.357084
   0.292      0.357568
   0.296      0.358058
   0.300      0.358556
   0.304      0.359061
   0.308      0.359573
   0.312      0.360091
   0.316      0.360617
   0.320      0.361150
   0.324      0.361690
   0.328      0.362237
   0.331      0.362790
   0.335      0.363351
   0.339      0.363919
   0.343      0.364495
   0.347      0.365077
   0.351      0.365666
   0.355      0.366263
   0.359      0.366867
   0.363      0.367478
   0.367      0.368096
   0.371      0.368722
   0.374      0.369354
   0.378      0.369994
   0.382      0.370641
   0.386      0.371296
   0.390      0.371958
   0.394      0.372627
   0.398      0.373303
   0.402      0.373987
   0.406      0.374678
   0.410      0.375377
   0.413      0.376083
   0.417      0.376796
   0.421      0.377517
   0.425      0.378245
   0.429      0.378981
   0.433      0.379724
   0.437      0.380475
   0.441      0.381233
   0.445      0.381999
   0.449      0.382772
   0.452      0.383553
   0.456      0.384342
   0.460      0.385138
   0.464      0.385941
   0.468      0.386753
   0.472      0.387572
   0.476      0.388399
   0.480      0.389233
   0.484      0.390075
   0.488      0.390925
   0.491      0.391782
   0.495      0.392648
   0.499      0.393521
   0.503      0.394402
   0.507      0.395290
   0.511      0.396187
   0.515      0.397091
   0.519      0.398003
   0.523      0.398924
   0.527      0.399851
   0.530      0.400787
   0.534      0.401731
   0.538      0.402683
   0.542      0.403642
   0.546      0.404610
   0.550      0.405586
   0.554      0.406569
   0.558      0.407561
   0.562      0.408560
   0.566      0.409568
   0.569      0.410584
   0.573      0.411607
   0.577      0.412639
   0.581      0.413679
   0.585      0.414727
   0.589      0.415783
   0.593      0.416847
   0.597      0.417920
   0.601      0.419000
   0.605      0.420089
   0.608      0.421186
   0.612      0.422291
   0.616      0.423404
   0.620      0.424526
   0.624      0.425656
   0.628      0.426794
   0.632      0.427940
   0.636      0.429094
   0.640      0.430257
   0.644      0.431428
   0.647      0.432607
   0.651      0.433795
   0.655      0.434991
   0.659      0.436195
   0.663      0.437407
   0.667      0.438628
   0.671      0.439857
   0.675      0.441095
   0.679      0.442341
   0.683      0.443595
   0.686      0.444857
   0.690      0.446128
   0.694      0.447407
   0.698      0.448695
   0.702      0.449991
   0.706      0.451295
   0.710      0.452608
   0.714      0.453929
   0.718      0.455258
   0.722      0.456596
   0.725      0.457942
   0.729      0.459297
   0.733      0.460659
   0.737      0.462031
   0.741      0.463410
   0.745      0.464798
   0.749      0.466195
   0.753      0.467599
   0.757      0.469012
   0.761      0.470434
   0.764      0.471864
   0.768      0.473302
   0.772      0.474748
   0.776      0.476203
   0.780      0.477666
   0.784      0.479137
   0.788      0.480617
   0.792      0.482104
   0.796      0.483600
   0.800      0.485105
   0.803      0.486617
   0.807      0.488138
   0.811      0.489667
   0.815      0.491205
   0.819      0.492750
   0.823      0.494304
   0.827      0.495865
   0.831      0.497435
   0.835      0.499013
   0.839      0.500599
   0.842      0.502193
   0.846      0.503795
   0.850      0.505405
   0.854      0.507023
   0.858      0.508650
   0.862      0.510284
   0.866      0.511925
   0.870      0.513575
   0.874      0.515233
   0.878      0.516898
   0.881      0.518572
   0.885      0.520253
   0.889      0.521941
   0.893      0.523638
   0.897      0.525342
   0.901      0.527054
   0.905      0.528773
   0.909      0.530500
   0.913      0.532234
   0.917      0.533976
   0.920      0.535725
   0.924      0.537482
   0.928      0.539246
   0.932      0.541017
   0.936      0.542795
   0.940      0.544581
   0.944      0.546374
   0.948      0.548173
   0.952      0.549980
   0.956      0.551794
   0.959      0.553615
   0.963      0.555443
   0.967      0.557277
   0.971      0.559119
   0.975      0.560967
   0.979      0.562821
   0.983      0.564683
   0.987      0.566550
   0.991      0.568425
   0.995      0.570305
   0.998      0.572192
   1.002      0.574085
   1.006      0.575985
   1.010      0.577890
   1.014      0.579802
   1.018      0.581719
   1.022      0.583643
   1.026      0.585572
   1.030      0.587507
   1.034      0.589448
   1.037      0.591394
   1.041      0.593345
   1.045      0.595303
   1.049      0.597265
   1.053      0.599233
   1.057      0.601206
   1.061      0.603184
   1.065      0.605167
   1.069      0.607154
   1.073      0.609147
   1.076      0.611144
   1.080      0.613146
   1.084      0.615153
   1.088      0.617164
   1.092      0.619179
   1.096      0.621198
   1.100      0.623222
   1.104      0.625249
   1.108      0.627280
   1.112      0.629316
   1.115      0.631354
   1.119      0.633397
   1.123      0.635443
   1.127      0.637492
   1.131      0.639544
   1.135      0.641600
   1.139      0.643658
   1.143      0.645719
   1.147      0.647783
   1.151      0.649850
   1.154      0.651919
   1.158      0.653991
   1.162      0.656065
   1.166      0.658141
   1.170      0.660219
   1.174      0.662298
   1.178      0.664380
   1.182      0.666463
   1.186      0.668547
   1.190      0.670633
   1.193      0.672720
   1.197      0.674809
   1.201      0.676898
   1.205      0.678987
   1.209      0.681078
   1.213      0.683168
   1.217      0.685260
   1.221      0.687351
   1.225      0.689442
   1.229      0.691534
   1.232      0.693625
   1.236      0.695715
   1.240      0.697805
   1.244      0.699894
   1.248      0.701983
   1.252      0.704070
   1.256      0.706156
   1.260      0.708241
   1.264      0.710324
   1.268      0.712406
   1.271      0.714485
   1.275      0.716563
   1.279      0.718638
   1.283      0.720712
   1.287      0.722782
   1.291      0.724850
   1.295      0.726915
   1.299      0.728977
   1.303      0.731036
   1.307      0.733092
   1.310      0.735144
   1.314      0.737192
   1.318      0.739237
   1.322      0.741277
   1.326      0.743313
   1.330      0.745345
   1.334      0.747372
   1.338      0.749394
   1.342      0.751412
   1.346      0.753424
   1.349      0.755431
   1.353      0.757433
   1.357      0.759429
   1.361      0.761419
   1.365      0.763403
   1.369      0.765381
   1.373      0.767352
   1.377      0.769317
   1.381      0.771275
   1.385      0.773226
   1.388      0.775171
   1.392      0.777107
   1.396      0.779037
   1.400      0.780958
   1.404      0.782872
   1.408      0.784778
   1.412      0.786675
   1.416      0.788565
   1.420      0.790445
   1.424      0.792317
   1.427      0.794180
   1.431      0.796033
   1.435      0.797878
   1.439      0.799713
   1.443      0.801538
   1.447      0.803353
   1.451      0.805158
   1.455      0.806953
   1.459      0.808738
   1.463      0.810512
   1.466      0.812275
   1.470      0.814027
   1.474      0.815768
   1.478      0.817498
   1.482      0.819216
   1.486      0.820923
   1.490      0.822618
   1.494      0.824301
   1.498      0.825971
   1.502      0.827629
   1.505      0.829275
   1.509      0.830908
   1.513      0.832528
   1.517      0.834135
   1.521      0.835729
   1.525      0.837309
   1.529      0.838876
   1.533      0.840429
   1.537      0.841968
   1.541      0.843493
   1.544      0.845004
   1.548      0.846501
   1.552      0.847983
   1.556      0.849450
   1.560      0.850903
   1.564      0.852340
   1.568      0.853762
   1.572      0.855169
   1.576      0.856561
   1.580      0.857937
   1.583      0.859297
   1.587      0.860642
   1.591      0.861970
   1.595      0.863282
   1.599      0.864578
   1.603      0.865858
   1.607      0.867121
   1.611      0.868367
   1.615      0.869596
   1.619      0.870809
   1.622      0.872004
   1.626      0.873182
   1.630      0.874343
   1.634      0.875486
   1.638      0.876612
   1.642      0.877720
   1.646      0.878811
   1.650      0.879883
   1.654      0.880938
   1.658      0.881974
   1.661      0.882992
   1.665      0.883992
   1.669      0.884973
   1.673      0.885936
   1.677      0.886881
   1.681      0.887806
   1.685      0.888713
   1.689      0.889601
   1.693      0.890470
   1.697      0.891320
   1.700      0.892151
   1.704      0.892963
   1.708      0.893755
   1.712      0.894529
   1.716      0.895283
   1.720      0.896017
   1.724      0.896732
   1.728      0.897427
   1.732      0.898103
   1.736      0.898759
   1.739      0.899396
   1.743      0.900013
   1.747      0.900609
   1.751      0.901187
   1.755      0.901744
   1.759      0.902281
   1.763      0.902799
   1.767      0.903296
   1.771      0.903774
   1.775      0.904231
   1.778      0.904669
   1.782      0.905086
   1.786      0.905483
   1.790      0.905861
   1.794      0.906218
   1.798      0.906555
   1.802      0.906872
   1.806      0.907169
   1.810      0.907446
   1.814      0.907703
   1.817      0.907940
   1.821      0.908157
   1.825      0.908354
   1.829      0.908531
   1.833      0.908688
   1.837      0.908824
   1.841      0.908941
   1.845      0.909039
   1.849      0.909116
   1.853      0.909173
   1.856      0.909211
   1.860      0.909229
   1.864      0.909227
   1.868      0.909206
   1.872      0.909165
   1.876      0.909104
   1.880      0.909024
   1.884      0.908924
   1.888      0.908806
   1.892      0.908667
   1.895      0.908510
   1.899      0.908333
   1.903      0.908138
   1.907      0.907923
   1.911      0.907689
   1.915      0.907437
   1.919      0.907166
   1.923      0.906876
   1.927      0.906567
   1.931      0.906240
   1.934      0.905894
   1.938      0.905530
   1.942      0.905148
   1.946      0.904748
   1.950      0.904329
   1.954      0.903893
   1.958      0.903439
   1.962      0.902967
   1.966      0.902477
   1.970      0.901970
   1.973      0.901445
   1.977      0.900903
   1.981      0.900344
   1.985      0.899768
   1.989      0.899175
   1.993      0.898565
   1.997      0.897938
   2.001      0.897295
   2.005      0.896635
   2.009      0.895959
   2.012      0.895267
   2.016      0.894559
   2.020      0.893835
   2.024      0.893095
   2.028      0.892339
   2.032      0.891567
   2.036      0.890781
   2.040      0.889979
   2.044      0.889162
   2.048      0.888330
   2.051      0.887483
   2.055      0.886621
   2.059      0.885745
   2.063      0.884854
   2.067      0.883949
   2.071      0.883030
   2.075      0.882097
   2.079      0.881150
   2.083      0.880190
   2.087      0.879216
   2.090      0.878228
   2.094      0.877227
   2.098      0.876213
   2.102      0.875187
   2.106      0.874147
   2.110      0.873095
   2.114      0.872030
   2.118      0.870953
   2.122      0.869864
   2.125      0.868763
   2.129      0.867650
   2.133      0.866525
   2.137      0.865389
   2.141      0.864241
   2.145      0.863082
   2.149      0.861912
   2.153      0.860731
   2.157      0.859539
   2.161      0.858336
   2.164      0.857123
   2.168      0.855900
   2.172      0.854666
   2.176      0.853422
   2.180      0.852169
   2.184      0.850905
   2.188      0.849632
   2.192      0.848350
   2.196      0.847059
   2.200      0.845758
   2.203      0.844448
   2.207      0.843129
   2.211      0.841802
   2.215      0.840466
   2.219      0.839122
   2.223      0.837769
   2.227      0.836408
   2.231      0.835040
   2.235      0.833663
   2.239      0.832279
   2.242      0.830887
   2.246      0.829488
   2.250      0.828081
   2.254      0.826668
   2.258      0.825247
   2.262      0.823819
   2.266      0.822385
   2.270      0.820944
   2.274      0.819497
   2.278      0.818043
   2.281      0.816583
   2.285      0.815117
   2.289      0.813645
   2.293      0.812167
   2.297      0.810683
   2.301      0.809194
   2.305      0.807699
   2.309      0.806199
   2.313      0.804694
   2.317      0.803183
   2.320      0.801668
   2.324      0.800148
   2.328      0.798623
   2.332      0.797093
   2.336      0.795558
   2.340      0.794020
   2.344      0.792477
   2.348      0.790929
   2.352      0.789378
   2.356      0.787822
   2.359      0.786263
   2.363      0.784700
   2.367      0.783133
   2.371      0.781562
   2.375      0.779988
   2.379      0.778410
   2.383      0.776829
   2.387      0.775245
   2.391      0.773658
   2.395      0.772067
   2.398      0.770474
   2.402      0.768878
   2.406      0.767279
   2.410      0.765677
   2.414      0.764072
   2.418      0.762465
   2.422      0.760856
   2.426      0.759244
   2.430      0.757629
   2.434      0.756013
   2.437      0.754394
   2.441      0.752773
   2.445      0.751150
   2.449      0.749525
   2.453      0.747898
   2.457      0.746270
   2.461      0.744639
   2.465      0.743007
   2.469      0.741373
   2.473      0.739738
   2.476      0.738101
   2.480      0.736462
   2.484      0.734822
   2.488      0.733181
   2.492      0.731539
   2.496      0.729895
   2.500      0.728250
   2.504      0.726604
   2.508      0.724957
   2.512      0.723309
   2.515      0.721660
   2.519      0.720010
   2.523      0.718359
   2.527      0.716708
   2.531      0.715055
   2.535      0.713402
   2.539      0.711749
   2.543      0.710094
   2.547      0.708439
   2.551      0.706784
   2.554      0.705128
   2.558      0.703472
   2.562      0.701815
   2.566      0.700158
   2.570      0.698500
   2.574      0.696843
   2.578      0.695185
   2.582      0.693527
   2.586      0.691869
   2.590      0.690211
   2.593      0.688553
   2.597      0.686894
   2.601      0.685236
   2.605      0.683578
   2.609      0.681920
   2.613      0.680262
   2.617      0.678605
   2.621      0.676947
   2.625      0.675290
   2.629      0.673633
   2.632      0.671977
   2.636      0.670321
   2.640      0.668665
   2.644      0.667010
   2.648      0.665356
   2.652      0.663701
   2.656      0.662048
   2.660      0.660395
   2.664      0.658742
   2.668      0.657091
   2.671      0.655440
   2.675      0.653789
   2.679      0.652140
   2.683      0.650491
   2.687      0.648843
   2.691      0.647196
   2.695      0.645550
   2.699      0.643905
   2.703      0.642260
   2.707      0.640617
   2.710      0.638975
   2.714      0.637333
   2.718      0.635693
   2.722      0.634054
   2.726      0.632415
   2.730      0.630778
   2.734      0.629143
   2.738      0.627508
   2.742      0.625875
   2.746      0.624242
   2.749      0.622611
   2.753      0.620982
   2.757      0.619353
   2.761      0.617726
   2.765      0.616101
   2.769      0.614476
   2.773      0.612853
   2.777      0.611232
   2.781      0.609612
   2.785      0.607993
   2.788      0.606376
   2.792      0.604761
   2.796      0.603147
   2.800      0.601534
   2.804      0.599924
   2.808      0.598314
   2.812      0.596707
   2.816      0.595101
   2.820      0.593496
   2.824      0.591894
   2.827      0.590293
   2.831      0.588694
   2.835      0.587096
   2.839      0.585500
   2.843      0.583906
   2.847      0.582314
   2.851      0.580724
   2.855      0.579135
   2.859      0.577548
   2.863      0.575964
   2.866      0.574381
   2.870      0.572800
   2.874      0.571220
   2.878      0.569643
   2.882      0.568068
   2.886      0.566494
   2.890      0.564923
   2.894      0.563353
   2.898      0.561786
   2.902      0.560221
   2.905      0.558657
   2.909      0.557096
   2.913      0.555537
   2.917      0.553979
   2.921      0.552424
   2.925      0.550871
   2.929      0.549320
   2.933      0.547771
   2.937      0.546225
   2.941      0.544680
   2.944      0.543138
   2.948      0.541597
   2.952      0.540059
   2.956      0.538524
   2.960      0.536990
   2.964      0.535458
   2.968      0.533929
   2.972      0.532402
   2.976      0.530878
   2.980      0.529355
   2.983      0.527835
   2.987      0.526317
   2.991      0.524801
   2.995      0.523288
   2.999      0.521777
   3.003      0.520268
   3.007      0.518762
   3.011      0.517258
   3.015      0.515756
   3.019      0.514257
   3.022      0.512760
   3.026      0.511265
   3.030      0.509773
   3.034      0.508283
   3.038      0.506795
   3.042      0.505310
   3.046      0.503828
   3.050      0.502347
   3.054      0.500870
   3.058      0.499394
   3.061      0.497921
   3.065      0.496451
   3.069      0.494983
   3.073      0.493517
   3.077      0.492054
   3.081      0.490593
   3.085      0.489135
   3.089      0.487679
   3.093      0.486226
   3.097      0.484775
   3.100      0.483327
   3.104      0.481882
   3.108      0.480438
   3.112      0.478998
   3.116      0.477559
   3.120      0.476124
   3.124      0.474691
   3.128      0.473260
   3.132      0.471832
   3.136      0.470407
   3.139      0.468984
   3.143      0.467563
   3.147      0.466146
   3.151      0.464730
   3.155      0.463318
   3.159      0.461907
   3.163      0.460500
   3.167      0.459095
   3.171      0.457693
   3.175      0.456293
   3.178      0.454896
   3.182      0.453501
   3.186      0.452109
   3.190      0.450720
   3.194      0.449333
   3.198      0.447949
   3.202      0.446567
   3.206      0.445188
   3.210      0.443812
   3.214      0.442438
   3.217      0.441067
   3.221      0.439698
   3.225      0.438332
   3.229      0.436969
   3.233      0.435608
   3.237      0.434250
   3.241      0.432895
   3.245      0.431542
   3.249      0.430192
   3.253      0.428844
   3.256      0.427500
   3.260      0.426157
   3.264      0.424818
   3.268      0.423481
   3.272      0.422147
   3.276      0.420815
   3.280      0.419486
   3.284      0.418159
   3.288      0.416836
   3.292      0.415515
   3.295      0.414196
   3.299      0.412880
   3.303      0.411567
   3.307      0.410257
   3.311      0.408949
   3.315      0.407644
   3.319      0.406341
   3.323      0.405041
   3.327      0.403744
   3.331      0.402449
   3.334      0.401157
   3.338      0.399868
   3.342      0.398581
   3.346      0.397297
   3.350      0.396016
   3.354      0.394737
   3.358      0.393461
   3.362      0.392188
   3.366      0.390917
   3.370      0.389649
   3.373      0.388383
   3.377      0.387121
   3.381      0.385860
   3.385      0.384603
   3.389      0.383348
   3.393      0.382096
   3.397      0.380846
   3.401      0.379599
   3.405      0.378355
   3.409      0.377113
   3.412      0.375874
   3.416      0.374637
   3.420      0.373404
   3.424      0.372172
   3.428      0.370944
   3.432      0.369718
   3.436      0.368495
   3.440      0.367274
   3.444      0.366056
   3.448      0.364841
   3.451      0.363628
   3.455      0.362418
   3.459      0.361210
   3.463      0.360005
   3.467      0.358803
   3.471      0.357603
   3.475      0.356406
   3.479      0.355211
   3.483      0.354020
   3.487      0.352830
   3.490      0.351644
   3.494      0.350459
   3.498      0.349278
   3.502      0.348099
   3.506      0.346923
   3.510      0.345749
   3.514      0.344578
   3.518      0.343409
   3.522      0.342243
   3.526      0.341080
   3.529      0.339919
   3.533      0.338761
   3.537      0.337605
   3.541      0.336452
   3.545      0.335302
   3.549      0.334154
   3.553      0.333009
   3.557      0.331866
   3.561      0.330725
   3.565      0.329588
   3.568      0.328453
   3.572      0.327320
   3.576      0.326190
   3.580      0.325062
   3.584      0.323937
   3.588      0.322815
   3.592      0.321695
   3.596      0.320578
   3.600      0.319463
   3.604      0.318350
   3.607      0.317241
   3.611      0.316133
   3.615      0.315029
   3.619      0.313926
   3.623      0.312826
   3.627      0.311729
   3.631      0.310634
   3.635      0.309542
   3.639      0.308452
   3.643      0.307365
   3.646      0.306280
   3.650      0.305198
   3.654      0.304118
   3.658      0.303041
   3.662      0.301966
   3.666      0.300894
   3.670      0.299824
   3.674      0.298756
   3.678      0.297691
   3.682      0.296629
   3.685      0.295569
   3.689      0.294511
   3.693      0.293456
   3.697      0.292403
   3.701      0.291353
   3.705      0.290305
   3.709      0.289259
   3.713      0.288216
   3.717      0.287176
   3.721      0.286137
   3.724      0.285102
   3.728      0.284068
   3.732      0.283037
   3.736      0.282009
   3.740      0.280982
   3.744      0.279959
   3.748      0.278937
   3.752      0.277918
   3.756      0.276902
   3.760      0.275887
   3.763      0.274876
   3.767      0.273866
   3.771      0.272859
   3.775      0.271854
   3.779      0.270852
   3.783      0.269852
   3.787      0.268854
   3.791      0.267859
   3.795      0.266866
   3.799      0.265875
   3.802      0.264887
   3.806      0.263901
   3.810      0.262917
   3.814      0.261936
   3.818      0.260957
   3.822      0.259980
   3.826      0.259006
   3.830      0.258033
   3.834      0.257064
   3.838      0.256096
   3.841      0.255131
   3.845      0.254168
   3.849      0.253207
   3.853      0.252249
   3.857      0.251293
   3.861      0.250339
   3.865      0.249387
   3.869      0.248438
   3.873      0.247491
   3.877      0.246546
   3.880      0.245604
   3.884      0.244664
   3.888      0.243725
   3.892      0.242790
   3.896      0.241856
   3.900      0.240925
   3.904      0.239996
   3.908      0.239069
   3.912      0.238144
   3.916      0.237221
   3.919      0.236301
   3.923      0.235383
   3.927      0.234467
   3.931      0.233553
   3.935      0.232642
   3.939      0.231733
   3.943      0.230825
   3.947      0.229920
   3.951      0.229018
   3.955      0.228117
   3.958      0.227218
   3.962      0.226322
   3.966      0.225428
   3.970      0.224536
   3.974      0.223646
   3.978      0.222758
   3.982      0.221873
   3.986      0.220989
   3.990      0.220108
   3.994      0.219228
   3.997      0.218351
   4.001      0.217476
   4.005      0.216603
   4.009      0.215733
   4.013      0.214864
   4.017      0.213997
   4.021      0.213133
   4.025      0.212270
   4.029      0.211410
   4.033      0.210551
   4.036      0.209695
   4.040      0.208841
   4.044      0.207989
   4.048      0.207139
   4.052      0.206291
   4.056      0.205445
   4.060      0.204601
   4.064      0.203759
   4.068      0.202919
   4.072      0.202081
   4.075      0.201245
   4.079      0.200411
   4.083      0.199580
   4.087      0.198750
   4.091      0.197922
   4.095      0.197096
   4.099      0.196273
   4.103      0.195451
   4.107      0.194631
   4.111      0.193813
   4.114      0.192997
   4.118      0.192183
   4.122      0.191371
   4.126      0.190561
   4.130      0.189753
   4.134      0.188947
   4.138      0.188143
   4.142      0.187341
   4.146      0.186541
   4.150      0.185743
   4.153      0.184946
   4.157      0.184152
   4.161      0.183359
   4.165      0.182569
   4.169      0.181780
   4.173      0.180993
   4.177      0.180208
   4.181      0.179425
   4.185      0.178644
   4.189      0.177865
   4.192      0.177088
   4.196      0.176312
   4.200      0.175539
   4.204      0.174767
   4.208      0.173997
   4.212      0.173229
   4.216      0.172463
   4.220      0.171699
   4.224      0.170936
   4.228      0.170176
   4.231      0.169417
   4.235      0.168660
   4.239      0.167905
   4.243      0.167151
   4.247      0.166400
   4.251      0.165650
   4.255      0.164903
   4.259      0.164156
   4.263      0.163412
   4.267      0.162670
   4.270      0.161929
   4.274      0.161190
   4.278      0.160453
   4.282      0.159718
   4.286      0.158984
   4.290      0.158253
   4.294      0.157523
   4.298      0.156794
   4.302      0.156068
   4.306      0.155343
   4.309      0.154620
   4.313      0.153899
   4.317      0.153179
   4.321      0.152461
   4.325      0.151745
   4.329      0.151031
   4.333      0.150318
   4.337      0.149607
   4.341      0.148898
   4.345      0.148191
   4.348      0.147485
   4.352      0.146781
   4.356      0.146078
   4.360      0.145378
   4.364      0.144678
   4.368      0.143981
   4.372      0.143285
   4.376      0.142591
   4.380      0.141899
   4.384      0.141208
   4.387      0.140519
   4.391      0.139832
   4.395      0.139146
   4.399      0.138462
   4.403      0.137779
   4.407      0.137098
   4.411      0.136419
   4.415      0.135741
   4.419      0.135065
   4.423      0.134391
   4.426      0.133718
   4.430      0.133047
   4.434      0.132377
   4.438      0.131709
   4.442      0.131043
   4.446      0.130378
   4.450      0.129714
   4.454      0.129053
   4.458      0.128393
   4.462      0.127734
   4.465      0.127077
   4.469      0.126422
   4.473      0.125768
   4.477      0.125115
   4.481      0.124465
   4.485      0.123815
   4.489      0.123168
   4.493      0.122521
   4.497      0.121877
   4.501      0.121234
   4.504      0.120592
   4.508      0.119952
   4.512      0.119313
   4.516      0.118676
   4.520      0.118041
   4.524      0.117407
   4.528      0.116774
   4.532      0.116143
   4.536      0.115513
   4.540      0.114885
   4.543      0.114258
   4.547      0.113633
   4.551      0.113009
   4.555      0.112387
   4.559      0.111766
   4.563      0.111147
   4.567      0.110529
   4.571      0.109913
   4.575      0.109297
   4.579      0.108684
   4.582      0.108072
   4.586      0.107461
   4.590      0.106852
   4.594      0.106244
   4.598      0.105637
   4.602      0.105032
   4.606      0.104428
   4.610      0.103826
   4.614      0.103225
   4.618      0.102626
   4.621      0.102028
   4.625      0.101431
   4.629      0.100835
   4.633      0.100241
   4.637      0.099649
   4.641      0.099058
   4.645      0.098468
   4.649      0.097879
   4.653      0.097292
   4.657      0.096706
   4.660      0.096122
   4.664      0.095539
   4.668      0.094957
   4.672      0.094376
   4.676      0.093797
   4.680      0.093219
   4.684      0.092643
   4.688      0.092068
   4.692      0.091494
   4.696      0.090921
   4.699      0.090350
   4.703      0.089780
   4.707      0.089211
   4.711      0.088644
   4.715      0.088078
   4.719      0.087513
   4.723      0.086949
   4.727      0.086387
   4.731      0.085826
   4.735      0.085266
   4.738      0.084708
   4.742      0.084151
   4.746      0.083595
   4.750      0.083040
   4.754      0.082486
   4.758      0.081934
   4.762      0.081383
   4.766      0.080833
   4.770      0.080285
   4.774      0.079737
   4.777      0.079191
   4.781      0.078646
   4.785      0.078103
   4.789      0.077560
   4.793      0.077019
   4.797      0.076479
   4.801      0.075940
   4.805      0.075402
   4.809      0.074866
   4.813      0.074331
   4.816      0.073796
   4.820      0.073264
   4.824      0.072732
   4.828      0.072201
   4.832      0.071672
   4.836      0.071143
   4.840      0.070616
   4.844      0.070090
   4.848      0.069565
   4.852      0.069042
   4.855      0.068519
   4.859      0.067998
   4.863      0.067477
   4.867      0.066958
   4.871      0.066440
   4.875      0.065923
   4.879      0.065407
   4.883      0.064892
   4.887      0.064379
   4.891      0.063866
   4.894      0.063355
   4.898      0.062844
   4.902      0.062335
   4.906      0.061827
   4.910      0.061320
   4.914      0.060814
   4.918      0.060309
   4.922      0.059805
   4.926      0.059302
   4.930      0.058801
   4.933      0.058300
   4.937      0.057800
   4.941      0.057302
   4.945      0.056804
   4.949      0.056308
   4.953      0.055812
   4.957      0.055318
   4.961      0.054825
   4.965      0.054332
   4.969      0.053841
   4.972      0.053351
   4.976      0.052861
   4.980      0.052373
   4.984      0.051886
   4.988      0.051400
   4.992      0.050914
   4.996      0.050430
   5.000      0.049947
   5.004      0.049465
   5.008      0.048983
   5.011      0.048503
   5.015      0.048024
   5.019      0.047545
   5.023      0.047068
   5.027      0.046591
   5.031      0.046116
   5.035      0.045641
   5.039      0.045168
   5.043      0.044695
   5.047      0.044223
   5.050      0.043753
   5.054      0.043283
   5.058      0.042814
   5.062      0.042346
   5.066      0.041879
   5.070      0.041413
   5.074      0.040948
   5.078      0.040484
   5.082      0.040020
   5.086      0.039558
   5.089      0.039096
   5.093      0.038636
   5.097      0.038176
   5.101      0.037717
   5.105      0.037259
   5.109      0.036802
   5.113      0.036346
   5.117      0.035890
   5.121      0.035436
   5.125      0.034982
   5.128      0.034530
   5.132      0.034078
   5.136      0.033627
   5.140      0.033177
   5.144      0.032728
   5.148      0.032279
   5.152      0.031831
   5.156      0.031385
   5.160      0.030939
   5.164      0.030494
   5.167      0.030049
   5.171      0.029606
   5.175      0.029163
   5.179      0.028722
   5.183      0.028281
   5.187      0.027840
   5.191      0.027401
   5.195      0.026962
   5.199      0.026525
   5.203      0.026088
   5.206      0.025652
   5.210      0.025216
   5.214      0.024782
   5.218      0.024348
   5.222      0.023915
   5.226      0.023482
   5.230      0.023051
   5.234      0.022620
   5.238      0.022190
   5.242      0.021761
   5.245      0.021332
   5.249      0.020905
   5.253      0.020478
   5.257      0.020052
   5.261      0.019626
   5.265      0.019201
   5.269      0.018777
   5.273      0.018354
   5.277      0.017931
   5.281      0.017510
   5.284      0.017088
   5.288      0.016668
   5.292      0.016248
   5.296      0.015829
   5.300      0.015411
   5.304      0.014993
   5.308      0.014577
   5.312      0.014160
   5.316      0.013745
   5.320      0.013330
   5.323      0.012916
   5.327      0.012502
   5.331      0.012090
   5.335      0.011677
   5.339      0.011266
   5.343      0.010855
   5.347      0.010445
   5.351      0.010035
   5.355      0.009627
   5.359      0.009218
   5.362      0.008811
   5.366      0.008404
   5.370      0.007998
   5.374      0.007592
   5.378      0.007187
   5.382      0.006782
   5.386      0.006379
   5.390      0.005976
   5.394      0.005573
   5.398      0.005171
   5.401      0.004770
   5.405      0.004369
   5.409      0.003969
   5.413      0.003569
   5.417      0.003170
   5.421      0.002772
   5.425      0.002374
   5.429      0.001977
   5.433      0.001581
   5.437      0.001185
   5.440      0.000789
   5.444      0.000394
   5.448      0.000000
