   0.000      0.000123
   0.004      0.001410
   0.008      0.002697
   0.012      0.004028
   0.016      0.005365
   0.019      0.006704
   0.023      0.008044
   0.027      0.009384
   0.031      0.010724
   0.035      0.012064
   0.039      0.013405
   0.043      0.014746
   0.047      0.016087
   0.051      0.017428
   0.055      0.018770
   0.059      0.020111
   0.062      0.021453
   0.066      0.022795
   0.070      0.024137
   0.074      0.025480
   0.078      0.026823
   0.082      0.028166
   0.086      0.029509
   0.090      0.030853
   0.094      0.032197
   0.098      0.033542
   0.101      0.034886
   0.105      0.036232
   0.109      0.037577
   0.113      0.038923
   0.117      0.040269
   0.121      0.041616
   0.125      0.042963
   0.129      0.044311
   0.133      0.045659
   0.136      0.047008
   0.140      0.048357
   0.144      0.049706
   0.148      0.051057
   0.152      0.052407
   0.156      0.053759
   0.160      0.055110
   0.164      0.056463
   0.168      0.057816
   0.172      0.059169
   0.175      0.060524
   0.179      0.061879
   0.183      0.063234
   0.187      0.064591
   0.191      0.065948
   0.195      0.067305
   0.199      0.068664
   0.203      0.070023
   0.207      0.071383
   0.211      0.072744
   0.214      0.074105
   0.218      0.075467
   0.222      0.076830
   0.226      0.078194
   0.230      0.079559
   0.234      0.080925
   0.238      0.082291
   0.242      0.083659
   0.246      0.085027
   0.250      0.086396
   0.253      0.087767
   0.257      0.089138
   0.261      0.090510
   0.265      0.091883
   0.269      0.093257
   0.273      0.094632
   0.277      0.096009
   0.281      0.097386
   0.285      0.098764
   0.289      0.100144
   0.292      0.101524
   0.296      0.102906
   0.300      0.104288
   0.304      0.105672
   0.308      0.107057
   0.312      0.108444
   0.316      0.109831
   0.320      0.111219
   0.324      0.112609
   0.328      0.114000
   0.331      0.115393
   0.335      0.116786
   0.339      0.118181
   0.343      0.119577
   0.347      0.120975
   0.351      0.122373
   0.355      0.123774
   0.359      0.125175
   0.363      0.126578
   0.367      0.127982
   0.371      0.129388
   0.374      0.130795
   0.378      0.132203
   0.382      0.133613
   0.386      0.135025
   0.390      0.136438
   0.394      0.137852
   0.398      0.139268
   0.402      0.140685
   0.406      0.142104
   0.410      0.143525
   0.413      0.144947
   0.417      0.146371
   0.421      0.147796
   0.425      0.149223
   0.429      0.150651
   0.433      0.152082
   0.437      0.153514
   0.441      0.154947
   0.445      0.156382
   0.449      0.157819
   0.452      0.159258
   0.456      0.160699
   0.460      0.162141
   0.464      0.163585
   0.468      0.165030
   0.472      0.166478
   0.476      0.167927
   0.480      0.169379
   0.484      0.170832
   0.488      0.172287
   0.491      0.173744
   0.495      0.175202
   0.499      0.176663
   0.503      0.178126
   0.507      0.179590
   0.511      0.181057
   0.515      0.182525
   0.519      0.183996
   0.523      0.185468
   0.527      0.186942
   0.530      0.188419
   0.534      0.189898
   0.538      0.191378
   0.542      0.192861
   0.546      0.194346
   0.550      0.195833
   0.554      0.197322
   0.558      0.198813
   0.562      0.200306
   0.566      0.201802
   0.569      0.203300
   0.573      0.204800
   0.577      0.206302
   0.581      0.207806
   0.585      0.209313
   0.589      0.210822
   0.593      0.212333
   0.597      0.213846
   0.601      0.215362
   0.605      0.216880
   0.608      0.218400
   0.612      0.219923
   0.616      0.221448
   0.620      0.222976
   0.624      0.224506
   0.628      0.226038
   0.632      0.227573
   0.636      0.229110
   0.640      0.230650
   0.644      0.232192
   0.647      0.233736
   0.651      0.235283
   0.655      0.236833
   0.659      0.238385
   0.663      0.239940
   0.667      0.241497
   0.671      0.243057
   0.675      0.244619
   0.679      0.246184
   0.683      0.247752
   0.686      0.249322
   0.690      0.250895
   0.694      0.252470
   0.698      0.254048
   0.702      0.255629
   0.706      0.257212
   0.710      0.258799
   0.714      0.260387
   0.718      0.261979
   0.722      0.263573
   0.725      0.265170
   0.729      0.266770
   0.733      0.268373
   0.737      0.269978
   0.741      0.271587
   0.745      0.273198
   0.749      0.274811
   0.753      0.276428
   0.757      0.278048
   0.761      0.279670
   0.764      0.281295
   0.768      0.282924
   0.772      0.284555
   0.776      0.286189
   0.780      0.287825
   0.784      0.289465
   0.788      0.291108
   0.792      0.292754
   0.796      0.294402
   0.800      0.296054
   0.803      0.297709
   0.807      0.299366
   0.811      0.301027
   0.815      0.302690
   0.819      0.304357
   0.823      0.306027
   0.827      0.307699
   0.831      0.309375
   0.835      0.311054
   0.839      0.312736
   0.842      0.314421
   0.846      0.316109
   0.850      0.317800
   0.854      0.319494
   0.858      0.321191
   0.862      0.322892
   0.866      0.324595
   0.870      0.326302
   0.874      0.328012
   0.878      0.329725
   0.881      0.331441
   0.885      0.333160
   0.889      0.334882
   0.893      0.336608
   0.897      0.338337
   0.901      0.340068
   0.905      0.341804
   0.909      0.343542
   0.913      0.345283
   0.917      0.347028
   0.920      0.348776
   0.924      0.350527
   0.928      0.352281
   0.932      0.354039
   0.936      0.355799
   0.940      0.357563
   0.944      0.359330
   0.948      0.361101
   0.952      0.362874
   0.956      0.364651
   0.959      0.366431
   0.963      0.368214
   0.967      0.370000
   0.971      0.371790
   0.975      0.373583
   0.979      0.375379
   0.983      0.377178
   0.987      0.378981
   0.991      0.380786
   0.995      0.382595
   0.998      0.384407
   1.002      0.386223
   1.006      0.388041
   1.010      0.389863
   1.014      0.391688
   1.018      0.393516
   1.022      0.395348
   1.026      0.397182
   1.030      0.399020
   1.034      0.400861
   1.037      0.402705
   1.041      0.404552
   1.045      0.406402
   1.049      0.408256
   1.053      0.410112
   1.057      0.411972
   1.061      0.413835
   1.065      0.415701
   1.069      0.417570
   1.073      0.419442
   1.076      0.421317
   1.080      0.423195
   1.084      0.425076
   1.088      0.426961
   1.092      0.428848
   1.096      0.430738
   1.100      0.432632
   1.104      0.434528
   1.108      0.436427
   1.112      0.438330
   1.115      0.440235
   1.119      0.442143
   1.123      0.444054
   1.127      0.445968
   1.131      0.447884
   1.135      0.449804
   1.139      0.451726
   1.143      0.453651
   1.147      0.455579
   1.151      0.457510
   1.154      0.459443
   1.158      0.461379
   1.162      0.463318
   1.166      0.465259
   1.170      0.467204
   1.174      0.469150
   1.178      0.471100
   1.182      0.473051
   1.186      0.475006
   1.190      0.476963
   1.193      0.478922
   1.197      0.480884
   1.201      0.482848
   1.205      0.484814
   1.209      0.486783
   1.213      0.488755
   1.217      0.490728
   1.221      0.492704
   1.225      0.494682
   1.229      0.496662
   1.232      0.498644
   1.236      0.500629
   1.240      0.502615
   1.244      0.504603
   1.248      0.506594
   1.252      0.508586
   1.256      0.510581
   1.260      0.512577
   1.264      0.514575
   1.268      0.516575
   1.271      0.518576
   1.275      0.520579
   1.279      0.522584
   1.283      0.524591
   1.287      0.526599
   1.291      0.528608
   1.295      0.530619
   1.299      0.532631
   1.303      0.534645
   1.307      0.536660
   1.310      0.538676
   1.314      0.540694
   1.318      0.542712
   1.322      0.544732
   1.326      0.546753
   1.330      0.548775
   1.334      0.550797
   1.338      0.552821
   1.342      0.554845
   1.346      0.556870
   1.349      0.558895
   1.353      0.560922
   1.357      0.562949
   1.361      0.564976
   1.365      0.567004
   1.369      0.569032
   1.373      0.571060
   1.377      0.573089
   1.381      0.575117
   1.385      0.577146
   1.388      0.579175
   1.392      0.581204
   1.396      0.583233
   1.400      0.585261
   1.404      0.587289
   1.408      0.589317
   1.412      0.591344
   1.416      0.593371
   1.420      0.595398
   1.424      0.597423
   1.427      0.599448
   1.431      0.601472
   1.435      0.603495
   1.439      0.605517
   1.443      0.607538
   1.447      0.609558
   1.451      0.611577
   1.455      0.613594
   1.459      0.615610
   1.463      0.617625
   1.466      0.619638
   1.470      0.621649
   1.474      0.623658
   1.478      0.625666
   1.482      0.627671
   1.486      0.629675
   1.490      0.631676
   1.494      0.633675
   1.498      0.635672
   1.502      0.637666
   1.505      0.639658
   1.509      0.641647
   1.513      0.643633
   1.517      0.645617
   1.521      0.647598
   1.525      0.649575
   1.529      0.651550
   1.533      0.653521
   1.537      0.655489
   1.541      0.657453
   1.544      0.659414
   1.548      0.661371
   1.552      0.663324
   1.556      0.665274
   1.560      0.667219
   1.564      0.669161
   1.568      0.671098
   1.572      0.673031
   1.576      0.674959
   1.580      0.676883
   1.583      0.678802
   1.587      0.680716
   1.591      0.682626
   1.595      0.684530
   1.599      0.686429
   1.603      0.688323
   1.607      0.690212
   1.611      0.692095
   1.615      0.693972
   1.619      0.695844
   1.622      0.697710
   1.626      0.699570
   1.630      0.701423
   1.634      0.703271
   1.638      0.705112
   1.642      0.706947
   1.646      0.708775
   1.650      0.710596
   1.654      0.712411
   1.658      0.714218
   1.661      0.716019
   1.665      0.717812
   1.669      0.719598
   1.673      0.721376
   1.677      0.723147
   1.681      0.724910
   1.685      0.726665
   1.689      0.728413
   1.693      0.730152
   1.697      0.731882
   1.700      0.733605
   1.704      0.735319
   1.708      0.737024
   1.712      0.738721
   1.716      0.740408
   1.720      0.742087
   1.724      0.743756
   1.728      0.745416
   1.732      0.747067
   1.736      0.748708
   1.739      0.750340
   1.743      0.751961
   1.747      0.753573
   1.751      0.755175
   1.755      0.756766
   1.759      0.758347
   1.763      0.759918
   1.767      0.761478
   1.771      0.763027
   1.775      0.764566
   1.778      0.766093
   1.782      0.767610
   1.786      0.769115
   1.790      0.770609
   1.794      0.772091
   1.798      0.773562
   1.802      0.775021
   1.806      0.776468
   1.810      0.777903
   1.814      0.779326
   1.817      0.780737
   1.821      0.782136
   1.825      0.783522
   1.829      0.784895
   1.833      0.786256
   1.837      0.787604
   1.841      0.788938
   1.845      0.790260
   1.849      0.791569
   1.853      0.792864
   1.856      0.794146
   1.860      0.795414
   1.864      0.796669
   1.868      0.797910
   1.872      0.799136
   1.876      0.800349
   1.880      0.801548
   1.884      0.802733
   1.888      0.803903
   1.892      0.805059
   1.895      0.806200
   1.899      0.807327
   1.903      0.808439
   1.907      0.809536
   1.911      0.810618
   1.915      0.811685
   1.919      0.812737
   1.923      0.813773
   1.927      0.814795
   1.931      0.815800
   1.934      0.816791
   1.938      0.817765
   1.942      0.818724
   1.946      0.819668
   1.950      0.820595
   1.954      0.821506
   1.958      0.822402
   1.962      0.823281
   1.966      0.824144
   1.970      0.824991
   1.973      0.825821
   1.977      0.826635
   1.981      0.827432
   1.985      0.828213
   1.989      0.828977
   1.993      0.829725
   1.997      0.830456
   2.001      0.831170
   2.005      0.831867
   2.009      0.832547
   2.012      0.833210
   2.016      0.833856
   2.020      0.834485
   2.024      0.835096
   2.028      0.835691
   2.032      0.836268
   2.036      0.836828
   2.040      0.837371
   2.044      0.837896
   2.048      0.838404
   2.051      0.838894
   2.055      0.839367
   2.059      0.839822
   2.063      0.840260
   2.067      0.840680
   2.071      0.841083
   2.075      0.841468
   2.079      0.841835
   2.083      0.842185
   2.087      0.842517
   2.090      0.842832
   2.094      0.843128
   2.098      0.843407
   2.102      0.843669
   2.106      0.843912
   2.110      0.844138
   2.114      0.844347
   2.118      0.844537
   2.122      0.844710
   2.125      0.844865
   2.129      0.845003
   2.133      0.845123
   2.137      0.845225
   2.141      0.845309
   2.145      0.845376
   2.149      0.845426
   2.153      0.845458
   2.157      0.845472
   2.161      0.845469
   2.164      0.845449
   2.168      0.845411
   2.172      0.845355
   2.176      0.845282
   2.180      0.845192
   2.184      0.845085
   2.188      0.844961
   2.192      0.844819
   2.196      0.844660
   2.200      0.844484
   2.203      0.844292
   2.207      0.844082
   2.211      0.843855
   2.215      0.843612
   2.219      0.843352
   2.223      0.843075
   2.227      0.842781
   2.231      0.842471
   2.235      0.842144
   2.239      0.841801
   2.242      0.841442
   2.246      0.841066
   2.250      0.840675
   2.254      0.840267
   2.258      0.839843
   2.262      0.839403
   2.266      0.838948
   2.270      0.838476
   2.274      0.837989
   2.278      0.837487
   2.281      0.836969
   2.285      0.836435
   2.289      0.835887
   2.293      0.835323
   2.297      0.834744
   2.301      0.834150
   2.305      0.833541
   2.309      0.832918
   2.313      0.832280
   2.317      0.831627
   2.320      0.830960
   2.324      0.830278
   2.328      0.829582
   2.332      0.828873
   2.336      0.828149
   2.340      0.827411
   2.344      0.826660
   2.348      0.825895
   2.352      0.825116
   2.356      0.824324
   2.359      0.823518
   2.363      0.822700
   2.367      0.821868
   2.371      0.821024
   2.375      0.820167
   2.379      0.819297
   2.383      0.818414
   2.387      0.817519
   2.391      0.816612
   2.395      0.815692
   2.398      0.814760
   2.402      0.813817
   2.406      0.812862
   2.410      0.811895
   2.414      0.810916
   2.418      0.809926
   2.422      0.808924
   2.426      0.807912
   2.430      0.806888
   2.434      0.805854
   2.437      0.804808
   2.441      0.803752
   2.445      0.802685
   2.449      0.801608
   2.453      0.800521
   2.457      0.799423
   2.461      0.798315
   2.465      0.797198
   2.469      0.796070
   2.473      0.794933
   2.476      0.793786
   2.480      0.792630
   2.484      0.791464
   2.488      0.790289
   2.492      0.789105
   2.496      0.787912
   2.500      0.786710
   2.504      0.785499
   2.508      0.784280
   2.512      0.783052
   2.515      0.781815
   2.519      0.780571
   2.523      0.779318
   2.527      0.778057
   2.531      0.776788
   2.535      0.775511
   2.539      0.774226
   2.543      0.772933
   2.547      0.771633
   2.551      0.770326
   2.554      0.769011
   2.558      0.767689
   2.562      0.766359
   2.566      0.765023
   2.570      0.763679
   2.574      0.762329
   2.578      0.760972
   2.582      0.759608
   2.586      0.758237
   2.590      0.756860
   2.593      0.755476
   2.597      0.754086
   2.601      0.752690
   2.605      0.751287
   2.609      0.749879
   2.613      0.748464
   2.617      0.747043
   2.621      0.745617
   2.625      0.744184
   2.629      0.742746
   2.632      0.741302
   2.636      0.739853
   2.640      0.738398
   2.644      0.736937
   2.648      0.735472
   2.652      0.734000
   2.656      0.732524
   2.660      0.731043
   2.664      0.729556
   2.668      0.728064
   2.671      0.726568
   2.675      0.725066
   2.679      0.723560
   2.683      0.722049
   2.687      0.720533
   2.691      0.719013
   2.695      0.717488
   2.699      0.715959
   2.703      0.714425
   2.707      0.712887
   2.710      0.711345
   2.714      0.709798
   2.718      0.708247
   2.722      0.706692
   2.726      0.705133
   2.730      0.703570
   2.734      0.702004
   2.738      0.700433
   2.742      0.698859
   2.746      0.697280
   2.749      0.695699
   2.753      0.694113
   2.757      0.692524
   2.761      0.690932
   2.765      0.689336
   2.769      0.687737
   2.773      0.686134
   2.777      0.684529
   2.781      0.682920
   2.785      0.681308
   2.788      0.679692
   2.792      0.678074
   2.796      0.676453
   2.800      0.674829
   2.804      0.673202
   2.808      0.671573
   2.812      0.669940
   2.816      0.668305
   2.820      0.666668
   2.824      0.665027
   2.827      0.663385
   2.831      0.661739
   2.835      0.660092
   2.839      0.658442
   2.843      0.656789
   2.847      0.655135
   2.851      0.653478
   2.855      0.651819
   2.859      0.650158
   2.863      0.648495
   2.866      0.646830
   2.870      0.645163
   2.874      0.643494
   2.878      0.641823
   2.882      0.640151
   2.886      0.638476
   2.890      0.636800
   2.894      0.635123
   2.898      0.633443
   2.902      0.631762
   2.905      0.630080
   2.909      0.628396
   2.913      0.626711
   2.917      0.625024
   2.921      0.623336
   2.925      0.621647
   2.929      0.619956
   2.933      0.618265
   2.937      0.616572
   2.941      0.614878
   2.944      0.613183
   2.948      0.611487
   2.952      0.609790
   2.956      0.608092
   2.960      0.606393
   2.964      0.604693
   2.968      0.602993
   2.972      0.601292
   2.976      0.599590
   2.980      0.597887
   2.983      0.596184
   2.987      0.594480
   2.991      0.592775
   2.995      0.591070
   2.999      0.589365
   3.003      0.587659
   3.007      0.585953
   3.011      0.584246
   3.015      0.582539
   3.019      0.580832
   3.022      0.579124
   3.026      0.577416
   3.030      0.575709
   3.034      0.574001
   3.038      0.572292
   3.042      0.570584
   3.046      0.568876
   3.050      0.567168
   3.054      0.565460
   3.058      0.563752
   3.061      0.562044
   3.065      0.560336
   3.069      0.558629
   3.073      0.556921
   3.077      0.555214
   3.081      0.553507
   3.085      0.551801
   3.089      0.550095
   3.093      0.548389
   3.097      0.546684
   3.100      0.544979
   3.104      0.543275
   3.108      0.541571
   3.112      0.539868
   3.116      0.538166
   3.120      0.536464
   3.124      0.534762
   3.128      0.533062
   3.132      0.531362
   3.136      0.529663
   3.139      0.527964
   3.143      0.526267
   3.147      0.524570
   3.151      0.522875
   3.155      0.521180
   3.159      0.519486
   3.163      0.517793
   3.167      0.516101
   3.171      0.514410
   3.175      0.512720
   3.178      0.511031
   3.182      0.509343
   3.186      0.507657
   3.190      0.505971
   3.194      0.504287
   3.198      0.502604
   3.202      0.500923
   3.206      0.499242
   3.210      0.497563
   3.214      0.495885
   3.217      0.494209
   3.221      0.492534
   3.225      0.490860
   3.229      0.489188
   3.233      0.487517
   3.237      0.485848
   3.241      0.484180
   3.245      0.482513
   3.249      0.480849
   3.253      0.479186
   3.256      0.477524
   3.260      0.475864
   3.264      0.474206
   3.268      0.472550
   3.272      0.470895
   3.276      0.469242
   3.280      0.467590
   3.284      0.465941
   3.288      0.464293
   3.292      0.462647
   3.295      0.461003
   3.299      0.459361
   3.303      0.457720
   3.307      0.456082
   3.311      0.454445
   3.315      0.452811
   3.319      0.451178
   3.323      0.449547
   3.327      0.447919
   3.331      0.446292
   3.334      0.444668
   3.338      0.443045
   3.342      0.441425
   3.346      0.439807
   3.350      0.438191
   3.354      0.436577
   3.358      0.434965
   3.362      0.433356
   3.366      0.431748
   3.370      0.430143
   3.373      0.428540
   3.377      0.426940
   3.381      0.425341
   3.385      0.423745
   3.389      0.422152
   3.393      0.420561
   3.397      0.418972
   3.401      0.417385
   3.405      0.415801
   3.409      0.414219
   3.412      0.412640
   3.416      0.411063
   3.420      0.409489
   3.424      0.407917
   3.428      0.406347
   3.432      0.404780
   3.436      0.403216
   3.440      0.401654
   3.444      0.400095
   3.448      0.398538
   3.451      0.396984
   3.455      0.395433
   3.459      0.393884
   3.463      0.392338
   3.467      0.390794
   3.471      0.389253
   3.475      0.387715
   3.479      0.386180
   3.483      0.384647
   3.487      0.383117
   3.490      0.381590
   3.494      0.380065
   3.498      0.378543
   3.502      0.377024
   3.506      0.375508
   3.510      0.373995
   3.514      0.372484
   3.518      0.370976
   3.522      0.369472
   3.526      0.367970
   3.529      0.366470
   3.533      0.364974
   3.537      0.363481
   3.541      0.361990
   3.545      0.360503
   3.549      0.359018
   3.553      0.357537
   3.557      0.356058
   3.561      0.354582
   3.565      0.353110
   3.568      0.351640
   3.572      0.350173
   3.576      0.348710
   3.580      0.347249
   3.584      0.345791
   3.588      0.344337
   3.592      0.342885
   3.596      0.341437
   3.600      0.339991
   3.604      0.338549
   3.607      0.337110
   3.611      0.335674
   3.615      0.334241
   3.619      0.332811
   3.623      0.331384
   3.627      0.329961
   3.631      0.328540
   3.635      0.327123
   3.639      0.325709
   3.643      0.324298
   3.646      0.322891
   3.650      0.321486
   3.654      0.320085
   3.658      0.318687
   3.662      0.317292
   3.666      0.315900
   3.670      0.314512
   3.674      0.313127
   3.678      0.311745
   3.682      0.310367
   3.685      0.308991
   3.689      0.307619
   3.693      0.306250
   3.697      0.304885
   3.701      0.303523
   3.705      0.302164
   3.709      0.300808
   3.713      0.299456
   3.717      0.298107
   3.721      0.296762
   3.724      0.295420
   3.728      0.294081
   3.732      0.292745
   3.736      0.291413
   3.740      0.290084
   3.744      0.288759
   3.748      0.287437
   3.752      0.286118
   3.756      0.284803
   3.760      0.283491
   3.763      0.282182
   3.767      0.280877
   3.771      0.279576
   3.775      0.278277
   3.779      0.276983
   3.783      0.275691
   3.787      0.274403
   3.791      0.273119
   3.795      0.271837
   3.799      0.270560
   3.802      0.269286
   3.806      0.268015
   3.810      0.266747
   3.814      0.265483
   3.818      0.264223
   3.822      0.262966
   3.826      0.261713
   3.830      0.260463
   3.834      0.259216
   3.838      0.257973
   3.841      0.256733
   3.845      0.255497
   3.849      0.254265
   3.853      0.253036
   3.857      0.251810
   3.861      0.250588
   3.865      0.249369
   3.869      0.248154
   3.873      0.246942
   3.877      0.245734
   3.880      0.244530
   3.884      0.243328
   3.888      0.242131
   3.892      0.240937
   3.896      0.239746
   3.900      0.238559
   3.904      0.237376
   3.908      0.236196
   3.912      0.235019
   3.916      0.233846
   3.919      0.232677
   3.923      0.231511
   3.927      0.230349
   3.931      0.229190
   3.935      0.228035
   3.939      0.226883
   3.943      0.225735
   3.947      0.224590
   3.951      0.223449
   3.955      0.222311
   3.958      0.221177
   3.962      0.220047
   3.966      0.218920
   3.970      0.217796
   3.974      0.216676
   3.978      0.215560
   3.982      0.214447
   3.986      0.213338
   3.990      0.212232
   3.994      0.211130
   3.997      0.210031
   4.001      0.208936
   4.005      0.207845
   4.009      0.206757
   4.013      0.205672
   4.017      0.204591
   4.021      0.203514
   4.025      0.202440
   4.029      0.201370
   4.033      0.200303
   4.036      0.199240
   4.040      0.198180
   4.044      0.197124
   4.048      0.196071
   4.052      0.195022
   4.056      0.193977
   4.060      0.192935
   4.064      0.191896
   4.068      0.190861
   4.072      0.189830
   4.075      0.188802
   4.079      0.187777
   4.083      0.186757
   4.087      0.185739
   4.091      0.184725
   4.095      0.183715
   4.099      0.182708
   4.103      0.181705
   4.107      0.180705
   4.111      0.179709
   4.114      0.178716
   4.118      0.177727
   4.122      0.176741
   4.126      0.175759
   4.130      0.174780
   4.134      0.173805
   4.138      0.172833
   4.142      0.171865
   4.146      0.170900
   4.150      0.169939
   4.153      0.168981
   4.157      0.168027
   4.161      0.167076
   4.165      0.166128
   4.169      0.165185
   4.173      0.164244
   4.177      0.163307
   4.181      0.162374
   4.185      0.161444
   4.189      0.160517
   4.192      0.159594
   4.196      0.158674
   4.200      0.157758
   4.204      0.156845
   4.208      0.155936
   4.212      0.155030
   4.216      0.154128
   4.220      0.153228
   4.224      0.152333
   4.228      0.151441
   4.231      0.150552
   4.235      0.149666
   4.239      0.148785
   4.243      0.147906
   4.247      0.147031
   4.251      0.146159
   4.255      0.145291
   4.259      0.144426
   4.263      0.143564
   4.267      0.142706
   4.270      0.141851
   4.274      0.141000
   4.278      0.140152
   4.282      0.139307
   4.286      0.138466
   4.290      0.137628
   4.294      0.136793
   4.298      0.135962
   4.302      0.135134
   4.306      0.134309
   4.309      0.133488
   4.313      0.132670
   4.317      0.131855
   4.321      0.131044
   4.325      0.130236
   4.329      0.129431
   4.333      0.128630
   4.337      0.127832
   4.341      0.127037
   4.345      0.126245
   4.348      0.125457
   4.352      0.124672
   4.356      0.123891
   4.360      0.123112
   4.364      0.122337
   4.368      0.121565
   4.372      0.120797
   4.376      0.120031
   4.380      0.119269
   4.384      0.118510
   4.387      0.117755
   4.391      0.117002
   4.395      0.116253
   4.399      0.115507
   4.403      0.114764
   4.407      0.114025
   4.411      0.113288
   4.415      0.112555
   4.419      0.111825
   4.423      0.111098
   4.426      0.110374
   4.430      0.109654
   4.434      0.108937
   4.438      0.108222
   4.442      0.107511
   4.446      0.106804
   4.450      0.106099
   4.454      0.105397
   4.458      0.104699
   4.462      0.104003
   4.465      0.103311
   4.469      0.102622
   4.473      0.101936
   4.477      0.101253
   4.481      0.100573
   4.485      0.099896
   4.489      0.099223
   4.493      0.098552
   4.497      0.097885
   4.501      0.097220
   4.504      0.096559
   4.508      0.095900
   4.512      0.095245
   4.516      0.094593
   4.520      0.093943
   4.524      0.093297
   4.528      0.092654
   4.532      0.092013
   4.536      0.091376
   4.540      0.090742
   4.543      0.090111
   4.547      0.089482
   4.551      0.088857
   4.555      0.088235
   4.559      0.087615
   4.563      0.086999
   4.567      0.086385
   4.571      0.085775
   4.575      0.085167
   4.579      0.084562
   4.582      0.083961
   4.586      0.083362
   4.590      0.082766
   4.594      0.082173
   4.598      0.081583
   4.602      0.080995
   4.606      0.080411
   4.610      0.079829
   4.614      0.079251
   4.618      0.078675
   4.621      0.078102
   4.625      0.077532
   4.629      0.076964
   4.633      0.076400
   4.637      0.075838
   4.641      0.075279
   4.645      0.074723
   4.649      0.074170
   4.653      0.073620
   4.657      0.073072
   4.660      0.072527
   4.664      0.071985
   4.668      0.071446
   4.672      0.070909
   4.676      0.070375
   4.680      0.069844
   4.684      0.069316
   4.688      0.068790
   4.692      0.068267
   4.696      0.067747
   4.699      0.067230
   4.703      0.066715
   4.707      0.066203
   4.711      0.065693
   4.715      0.065187
   4.719      0.064682
   4.723      0.064181
   4.727      0.063682
   4.731      0.063186
   4.735      0.062693
   4.738      0.062202
   4.742      0.061713
   4.746      0.061228
   4.750      0.060745
   4.754      0.060264
   4.758      0.059787
   4.762      0.059311
   4.766      0.058839
   4.770      0.058369
   4.774      0.057901
   4.777      0.057436
   4.781      0.056974
   4.785      0.056514
   4.789      0.056056
   4.793      0.055601
   4.797      0.055149
   4.801      0.054699
   4.805      0.054252
   4.809      0.053807
   4.813      0.053365
   4.816      0.052925
   4.820      0.052488
   4.824      0.052053
   4.828      0.051620
   4.832      0.051190
   4.836      0.050763
   4.840      0.050337
   4.844      0.049915
   4.848      0.049494
   4.852      0.049076
   4.855      0.048661
   4.859      0.048248
   4.863      0.047837
   4.867      0.047429
   4.871      0.047023
   4.875      0.046619
   4.879      0.046218
   4.883      0.045819
   4.887      0.045422
   4.891      0.045028
   4.894      0.044636
   4.898      0.044246
   4.902      0.043859
   4.906      0.043474
   4.910      0.043091
   4.914      0.042711
   4.918      0.042333
   4.922      0.041957
   4.926      0.041583
   4.930      0.041212
   4.933      0.040843
   4.937      0.040476
   4.941      0.040111
   4.945      0.039749
   4.949      0.039389
   4.953      0.039030
   4.957      0.038675
   4.961      0.038321
   4.965      0.037970
   4.969      0.037620
   4.972      0.037273
   4.976      0.036928
   4.980      0.036585
   4.984      0.036245
   4.988      0.035906
   4.992      0.035570
   4.996      0.035236
   5.000      0.034903
   5.004      0.034573
   5.008      0.034245
   5.011      0.033919
   5.015      0.033596
   5.019      0.033274
   5.023      0.032954
   5.027      0.032637
   5.031      0.032321
   5.035      0.032008
   5.039      0.031696
   5.043      0.031387
   5.047      0.031079
   5.050      0.030774
   5.054      0.030471
   5.058      0.030169
   5.062      0.029870
   5.066      0.029572
   5.070      0.029277
   5.074      0.028983
   5.078      0.028692
   5.082      0.028402
   5.086      0.028114
   5.089      0.027829
   5.093      0.027545
   5.097      0.027263
   5.101      0.026983
   5.105      0.026705
   5.109      0.026429
   5.113      0.026155
   5.117      0.025882
   5.121      0.025612
   5.125      0.025343
   5.128      0.025076
   5.132      0.024811
   5.136      0.024548
   5.140      0.024287
   5.144      0.024027
   5.148      0.023770
   5.152      0.023514
   5.156      0.023260
   5.160      0.023008
   5.164      0.022757
   5.167      0.022508
   5.171      0.022262
   5.175      0.022016
   5.179      0.021773
   5.183      0.021531
   5.187      0.021292
   5.191      0.021053
   5.195      0.020817
   5.199      0.020582
   5.203      0.020349
   5.206      0.020118
   5.210      0.019889
   5.214      0.019661
   5.218      0.019434
   5.222      0.019210
   5.226      0.018987
   5.230      0.018766
   5.234      0.018546
   5.238      0.018328
   5.242      0.018112
   5.245      0.017898
   5.249      0.017685
   5.253      0.017473
   5.257      0.017263
   5.261      0.017055
   5.265      0.016849
   5.269      0.016644
   5.273      0.016440
   5.277      0.016239
   5.281      0.016038
   5.284      0.015840
   5.288      0.015642
   5.292      0.015447
   5.296      0.015253
   5.300      0.015060
   5.304      0.014869
   5.308      0.014680
   5.312      0.014492
   5.316      0.014305
   5.320      0.014120
   5.323      0.013937
   5.327      0.013754
   5.331      0.013574
   5.335      0.013395
   5.339      0.013217
   5.343      0.013041
   5.347      0.012866
   5.351      0.012693
   5.355      0.012521
   5.359      0.012350
   5.362      0.012181
   5.366      0.012014
   5.370      0.011847
   5.374      0.011682
   5.378      0.011519
   5.382      0.011357
   5.386      0.011196
   5.390      0.011036
   5.394      0.010878
   5.398      0.010722
   5.401      0.010566
   5.405      0.010412
   5.409      0.010260
   5.413      0.010108
   5.417      0.009958
   5.421      0.009809
   5.425      0.009662
   5.429      0.009516
   5.433      0.009371
   5.437      0.009227
   5.440      0.009085
   5.444      0.008944
   5.448      0.008804
   5.452      0.008666
   5.456      0.008528
   5.460      0.008392
   5.464      0.008258
   5.468      0.008124
   5.472      0.007992
   5.476      0.007861
   5.479      0.007731
   5.483      0.007602
   5.487      0.007475
   5.491      0.007348
   5.495      0.007223
   5.499      0.007099
   5.503      0.006977
   5.507      0.006855
   5.511      0.006735
   5.515      0.006615
   5.518      0.006497
   5.522      0.006380
   5.526      0.006264
   5.530      0.006150
   5.534      0.006036
   5.538      0.005924
   5.542      0.005812
   5.546      0.005702
   5.550      0.005593
   5.554      0.005485
   5.557      0.005378
   5.561      0.005272
   5.565      0.005167
   5.569      0.005063
   5.573      0.004961
   5.577      0.004859
   5.581      0.004758
   5.585      0.004659
   5.589      0.004560
   5.593      0.004463
   5.596      0.004366
   5.600      0.004271
   5.604      0.004176
   5.608      0.004083
   5.612      0.003990
   5.616      0.003899
   5.620      0.003808
   5.624      0.003719
   5.628      0.003630
   5.632      0.003542
   5.635      0.003456
   5.639      0.003370
   5.643      0.003285
   5.647      0.003202
   5.651      0.003119
   5.655      0.003037
   5.659      0.002956
   5.663      0.002876
   5.667      0.002797
   5.671      0.002718
   5.674      0.002641
   5.678      0.002565
   5.682      0.002489
   5.686      0.002414
   5.690      0.002340
   5.694      0.002268
   5.698      0.002195
   5.702      0.002124
   5.706      0.002054
   5.710      0.001984
   5.713      0.001916
   5.717      0.001848
   5.721      0.001781
   5.725      0.001715
   5.729      0.001649
   5.733      0.001585
   5.737      0.001521
   5.741      0.001458
   5.745      0.001396
   5.749      0.001335
   5.752      0.001274
   5.756      0.001214
   5.760      0.001155
   5.764      0.001097
   5.768      0.001040
   5.772      0.000983
   5.776      0.000927
   5.780      0.000872
   5.784      0.000818
   5.788      0.000764
   5.791      0.000711
   5.795      0.000659
   5.799      0.000607
   5.803      0.000556
   5.807      0.000506
   5.811      0.000457
   5.815      0.000408
   5.819      0.000360
   5.823      0.000313
   5.827      0.000266
   5.830      0.000220
   5.834      0.000175
   5.838      0.000130
   5.842      0.000086
   5.846      0.000043
   5.850      0.000000
