   0.000      0.823347
   0.004      0.823347
   0.008      0.823346
   0.012      0.823344
   0.015      0.823342
   0.019      0.823340
   0.023      0.823337
   0.027      0.823333
   0.031      0.823328
   0.035      0.823324
   0.039      0.823318
   0.043      0.823312
   0.046      0.823305
   0.050      0.823298
   0.054      0.823290
   0.058      0.823282
   0.062      0.823273
   0.066      0.823263
   0.070      0.823253
   0.074      0.823242
   0.077      0.823231
   0.081      0.823219
   0.085      0.823206
   0.089      0.823193
   0.093      0.823179
   0.097      0.823165
   0.101      0.823150
   0.104      0.823134
   0.108      0.823118
   0.112      0.823101
   0.116      0.823083
   0.120      0.823065
   0.124      0.823046
   0.128      0.823027
   0.132      0.823007
   0.135      0.822986
   0.139      0.822965
   0.143      0.822942
   0.147      0.822920
   0.151      0.822896
   0.155      0.822872
   0.159      0.822847
   0.163      0.822822
   0.166      0.822796
   0.170      0.822769
   0.174      0.822741
   0.178      0.822713
   0.182      0.822684
   0.186      0.822654
   0.190      0.822623
   0.193      0.822592
   0.197      0.822560
   0.201      0.822527
   0.205      0.822493
   0.209      0.822459
   0.213      0.822424
   0.217      0.822388
   0.221      0.822351
   0.224      0.822313
   0.228      0.822275
   0.232      0.822236
   0.236      0.822195
   0.240      0.822154
   0.244      0.822113
   0.248      0.822070
   0.252      0.822026
   0.255      0.821982
   0.259      0.821936
   0.263      0.821890
   0.267      0.821843
   0.271      0.821795
   0.275      0.821745
   0.279      0.821695
   0.282      0.821644
   0.286      0.821592
   0.290      0.821539
   0.294      0.821485
   0.298      0.821429
   0.302      0.821373
   0.306      0.821316
   0.310      0.821257
   0.313      0.821198
   0.317      0.821137
   0.321      0.821075
   0.325      0.821013
   0.329      0.820948
   0.333      0.820883
   0.337      0.820817
   0.341      0.820749
   0.344      0.820680
   0.348      0.820610
   0.352      0.820539
   0.356      0.820466
   0.360      0.820392
   0.364      0.820317
   0.368      0.820240
   0.371      0.820162
   0.375      0.820082
   0.379      0.820002
   0.383      0.819919
   0.387      0.819836
   0.391      0.819750
   0.395      0.819664
   0.399      0.819576
   0.402      0.819486
   0.406      0.819394
   0.410      0.819301
   0.414      0.819207
   0.418      0.819111
   0.422      0.819013
   0.426      0.818913
   0.430      0.818812
   0.433      0.818709
   0.437      0.818604
   0.441      0.818498
   0.445      0.818389
   0.449      0.818279
   0.453      0.818167
   0.457      0.818053
   0.460      0.817937
   0.464      0.817819
   0.468      0.817699
   0.472      0.817577
   0.476      0.817452
   0.480      0.817326
   0.484      0.817198
   0.488      0.817067
   0.491      0.816934
   0.495      0.816799
   0.499      0.816662
   0.503      0.816522
   0.507      0.816380
   0.511      0.816236
   0.515      0.816089
   0.519      0.815940
   0.522      0.815788
   0.526      0.815634
   0.530      0.815477
   0.534      0.815318
   0.538      0.815156
   0.542      0.814991
   0.546      0.814823
   0.549      0.814653
   0.553      0.814480
   0.557      0.814304
   0.561      0.814125
   0.565      0.813943
   0.569      0.813758
   0.573      0.813570
   0.577      0.813379
   0.580      0.813185
   0.584      0.812988
   0.588      0.812787
   0.592      0.812584
   0.596      0.812377
   0.600      0.812166
   0.604      0.811952
   0.608      0.811735
   0.611      0.811514
   0.615      0.811290
   0.619      0.811062
   0.623      0.810831
   0.627      0.810595
   0.631      0.810356
   0.635      0.810114
   0.638      0.809867
   0.642      0.809616
   0.646      0.809362
   0.650      0.809103
   0.654      0.808841
   0.658      0.808574
   0.662      0.808304
   0.666      0.808029
   0.669      0.807749
   0.673      0.807466
   0.677      0.807178
   0.681      0.806886
   0.685      0.806589
   0.689      0.806288
   0.693      0.805982
   0.697      0.805671
   0.700      0.805356
   0.704      0.805036
   0.708      0.804712
   0.712      0.804382
   0.716      0.804048
   0.720      0.803709
   0.724      0.803364
   0.727      0.803015
   0.731      0.802661
   0.735      0.802301
   0.739      0.801936
   0.743      0.801566
   0.747      0.801191
   0.751      0.800811
   0.755      0.800425
   0.758      0.800033
   0.762      0.799637
   0.766      0.799234
   0.770      0.798826
   0.774      0.798413
   0.778      0.797994
   0.782      0.797569
   0.786      0.797138
   0.789      0.796702
   0.793      0.796259
   0.797      0.795811
   0.801      0.795357
   0.805      0.794897
   0.809      0.794431
   0.813      0.793959
   0.816      0.793481
   0.820      0.792997
   0.824      0.792506
   0.828      0.792010
   0.832      0.791507
   0.836      0.790998
   0.840      0.790483
   0.844      0.789962
   0.847      0.789434
   0.851      0.788900
   0.855      0.788359
   0.859      0.787812
   0.863      0.787259
   0.867      0.786699
   0.871      0.786133
   0.875      0.785560
   0.878      0.784981
   0.882      0.784395
   0.886      0.783803
   0.890      0.783204
   0.894      0.782598
   0.898      0.781986
   0.902      0.781368
   0.905      0.780743
   0.909      0.780111
   0.913      0.779472
   0.917      0.778828
   0.921      0.778176
   0.925      0.777518
   0.929      0.776853
   0.933      0.776182
   0.936      0.775504
   0.940      0.774819
   0.944      0.774128
   0.948      0.773431
   0.952      0.772726
   0.956      0.772016
   0.960      0.771298
   0.964      0.770575
   0.967      0.769844
   0.971      0.769108
   0.975      0.768364
   0.979      0.767615
   0.983      0.766859
   0.987      0.766096
   0.991      0.765327
   0.994      0.764552
   0.998      0.763771
   1.002      0.762983
   1.006      0.762189
   1.010      0.761389
   1.014      0.760582
   1.018      0.759770
   1.022      0.758951
   1.025      0.758127
   1.029      0.757296
   1.033      0.756459
   1.037      0.755617
   1.041      0.754768
   1.045      0.753914
   1.049      0.753054
   1.053      0.752188
   1.056      0.751316
   1.060      0.750439
   1.064      0.749556
   1.068      0.748667
   1.072      0.747773
   1.076      0.746874
   1.080      0.745969
   1.083      0.745059
   1.087      0.744144
   1.091      0.743223
   1.095      0.742297
   1.099      0.741366
   1.103      0.740430
   1.107      0.739489
   1.111      0.738543
   1.114      0.737592
   1.118      0.736636
   1.122      0.735676
   1.126      0.734711
   1.130      0.733741
   1.134      0.732767
   1.138      0.731788
   1.142      0.730805
   1.145      0.729817
   1.149      0.728825
   1.153      0.727829
   1.157      0.726829
   1.161      0.725824
   1.165      0.724816
   1.169      0.723803
   1.172      0.722787
   1.176      0.721767
   1.180      0.720743
   1.184      0.719715
   1.188      0.718684
   1.192      0.717649
   1.196      0.716610
   1.200      0.715568
   1.203      0.714523
   1.207      0.713474
   1.211      0.712422
   1.215      0.711367
   1.219      0.710309
   1.223      0.709248
   1.227      0.708184
   1.231      0.707117
   1.234      0.706047
   1.238      0.704974
   1.242      0.703898
   1.246      0.702820
   1.250      0.701739
   1.254      0.700656
   1.258      0.699570
   1.261      0.698482
   1.265      0.697392
   1.269      0.696299
   1.273      0.695204
   1.277      0.694107
   1.281      0.693007
   1.285      0.691906
   1.289      0.690803
   1.292      0.689698
   1.296      0.688591
   1.300      0.687482
   1.304      0.686371
   1.308      0.685259
   1.312      0.684145
   1.316      0.683030
   1.320      0.681913
   1.323      0.680794
   1.327      0.679675
   1.331      0.678554
   1.335      0.677431
   1.339      0.676308
   1.343      0.675183
   1.347      0.674057
   1.350      0.672930
   1.354      0.671802
   1.358      0.670673
   1.362      0.669544
   1.366      0.668413
   1.370      0.667282
   1.374      0.666150
   1.378      0.665017
   1.381      0.663883
   1.385      0.662749
   1.389      0.661614
   1.393      0.660479
   1.397      0.659344
   1.401      0.658208
   1.405      0.657071
   1.409      0.655934
   1.412      0.654798
   1.416      0.653660
   1.420      0.652523
   1.424      0.651385
   1.428      0.650248
   1.432      0.649110
   1.436      0.647973
   1.439      0.646835
   1.443      0.645697
   1.447      0.644560
   1.451      0.643423
   1.455      0.642286
   1.459      0.641149
   1.463      0.640012
   1.467      0.638876
   1.470      0.637740
   1.474      0.636605
   1.478      0.635470
   1.482      0.634335
   1.486      0.633201
   1.490      0.632068
   1.494      0.630935
   1.498      0.629803
   1.501      0.628671
   1.505      0.627540
   1.509      0.626410
   1.513      0.625280
   1.517      0.624151
   1.521      0.623024
   1.525      0.621897
   1.528      0.620770
   1.532      0.619645
   1.536      0.618521
   1.540      0.617397
   1.544      0.616275
   1.548      0.615154
   1.552      0.614033
   1.556      0.612914
   1.559      0.611796
   1.563      0.610679
   1.567      0.609563
   1.571      0.608449
   1.575      0.607336
   1.579      0.606223
   1.583      0.605113
   1.587      0.604003
   1.590      0.602895
   1.594      0.601788
   1.598      0.600683
   1.602      0.599579
   1.606      0.598476
   1.610      0.597375
   1.614      0.596275
   1.617      0.595177
   1.621      0.594080
   1.625      0.592985
   1.629      0.591891
   1.633      0.590799
   1.637      0.589708
   1.641      0.588620
   1.645      0.587532
   1.648      0.586447
   1.652      0.585363
   1.656      0.584281
   1.660      0.583200
   1.664      0.582121
   1.668      0.581044
   1.672      0.579969
   1.676      0.578895
   1.679      0.577824
   1.683      0.576754
   1.687      0.575686
   1.691      0.574619
   1.695      0.573555
   1.699      0.572492
   1.703      0.571432
   1.706      0.570373
   1.710      0.569316
   1.714      0.568261
   1.718      0.567208
   1.722      0.566157
   1.726      0.565108
   1.730      0.564061
   1.734      0.563016
   1.737      0.561973
   1.741      0.560932
   1.745      0.559893
   1.749      0.558856
   1.753      0.557821
   1.757      0.556789
   1.761      0.555758
   1.765      0.554729
   1.768      0.553703
   1.772      0.552678
   1.776      0.551656
   1.780      0.550636
   1.784      0.549617
   1.788      0.548602
   1.792      0.547588
   1.795      0.546576
   1.799      0.545567
   1.803      0.544559
   1.807      0.543554
   1.811      0.542551
   1.815      0.541551
   1.819      0.540552
   1.823      0.539556
   1.826      0.538562
   1.830      0.537570
   1.834      0.536580
   1.838      0.535593
   1.842      0.534608
   1.846      0.533625
   1.850      0.532644
   1.854      0.531666
   1.857      0.530690
   1.861      0.529716
   1.865      0.528744
   1.869      0.527775
   1.873      0.526808
   1.877      0.525843
   1.881      0.524881
   1.884      0.523921
   1.888      0.522963
   1.892      0.522007
   1.896      0.521054
   1.900      0.520103
   1.904      0.519155
   1.908      0.518208
   1.912      0.517264
   1.915      0.516323
   1.919      0.515383
   1.923      0.514446
   1.927      0.513512
   1.931      0.512580
   1.935      0.511650
   1.939      0.510722
   1.943      0.509797
   1.946      0.508874
   1.950      0.507953
   1.954      0.507035
   1.958      0.506119
   1.962      0.505205
   1.966      0.504294
   1.970      0.503385
   1.973      0.502478
   1.977      0.501574
   1.981      0.500672
   1.985      0.499772
   1.989      0.498875
   1.993      0.497980
   1.997      0.497088
   2.001      0.496198
   2.004      0.495310
   2.008      0.494424
   2.012      0.493541
   2.016      0.492660
   2.020      0.491782
   2.024      0.490906
   2.028      0.490032
   2.032      0.489160
   2.035      0.488291
   2.039      0.487424
   2.043      0.486560
   2.047      0.485698
   2.051      0.484838
   2.055      0.483980
   2.059      0.483125
   2.063      0.482272
   2.066      0.481422
   2.070      0.480574
   2.074      0.479728
   2.078      0.478884
   2.082      0.478043
   2.086      0.477204
   2.090      0.476367
   2.093      0.475533
   2.097      0.474701
   2.101      0.473871
   2.105      0.473044
   2.109      0.472219
   2.113      0.471396
   2.117      0.470575
   2.121      0.469757
   2.124      0.468941
   2.128      0.468127
   2.132      0.467316
   2.136      0.466506
   2.140      0.465700
   2.144      0.464895
   2.148      0.464092
   2.152      0.463292
   2.155      0.462494
   2.159      0.461699
   2.163      0.460905
   2.167      0.460114
   2.171      0.459325
   2.175      0.458539
   2.179      0.457754
   2.182      0.456972
   2.186      0.456192
   2.190      0.455414
   2.194      0.454639
   2.198      0.453866
   2.202      0.453094
   2.206      0.452325
   2.210      0.451559
   2.213      0.450794
   2.217      0.450032
   2.221      0.449272
   2.225      0.448514
   2.229      0.447758
   2.233      0.447004
   2.237      0.446253
   2.241      0.445503
   2.244      0.444756
   2.248      0.444011
   2.252      0.443268
   2.256      0.442528
   2.260      0.441789
   2.264      0.441053
   2.268      0.440318
   2.271      0.439586
   2.275      0.438856
   2.279      0.438128
   2.283      0.437402
   2.287      0.436678
   2.291      0.435957
   2.295      0.435237
   2.299      0.434520
   2.302      0.433804
   2.306      0.433091
   2.310      0.432380
   2.314      0.431671
   2.318      0.430963
   2.322      0.430258
   2.326      0.429555
   2.330      0.428854
   2.333      0.428155
   2.337      0.427458
   2.341      0.426764
   2.345      0.426071
   2.349      0.425380
   2.353      0.424691
   2.357      0.424004
   2.360      0.423319
   2.364      0.422637
   2.368      0.421956
   2.372      0.421277
   2.376      0.420600
   2.380      0.419925
   2.384      0.419252
   2.388      0.418581
   2.391      0.417912
   2.395      0.417245
   2.399      0.416580
   2.403      0.415917
   2.407      0.415256
   2.411      0.414597
   2.415      0.413939
   2.419      0.413284
   2.422      0.412630
   2.426      0.411979
   2.430      0.411329
   2.434      0.410681
   2.438      0.410035
   2.442      0.409391
   2.446      0.408749
   2.449      0.408109
   2.453      0.407470
   2.457      0.406834
   2.461      0.406199
   2.465      0.405566
   2.469      0.404935
   2.473      0.404306
   2.477      0.403678
   2.480      0.403053
   2.484      0.402429
   2.488      0.401807
   2.492      0.401187
   2.496      0.400569
   2.500      0.399952
   2.504      0.399338
   2.508      0.398725
   2.511      0.398114
   2.515      0.397504
   2.519      0.396897
   2.523      0.396291
   2.527      0.395687
   2.531      0.395085
   2.535      0.394484
   2.538      0.393885
   2.542      0.393288
   2.546      0.392693
   2.550      0.392099
   2.554      0.391507
   2.558      0.390917
   2.562      0.390329
   2.566      0.389742
   2.569      0.389157
   2.573      0.388573
   2.577      0.387992
   2.581      0.387412
   2.585      0.386833
   2.589      0.386257
   2.593      0.385681
   2.597      0.385108
   2.600      0.384536
   2.604      0.383966
   2.608      0.383398
   2.612      0.382831
   2.616      0.382266
   2.620      0.381702
   2.624      0.381140
   2.627      0.380580
   2.631      0.380021
   2.635      0.379464
   2.639      0.378908
   2.643      0.378354
   2.647      0.377802
   2.651      0.377251
   2.655      0.376702
   2.658      0.376154
   2.662      0.375608
   2.666      0.375064
   2.670      0.374521
   2.674      0.373979
   2.678      0.373439
   2.682      0.372901
   2.686      0.372364
   2.689      0.371828
   2.693      0.371295
   2.697      0.370762
   2.701      0.370231
   2.705      0.369702
   2.709      0.369174
   2.713      0.368648
   2.716      0.368123
   2.720      0.367600
   2.724      0.367078
   2.728      0.366557
   2.732      0.366038
   2.736      0.365521
   2.740      0.365004
   2.744      0.364490
   2.747      0.363977
   2.751      0.363465
   2.755      0.362954
   2.759      0.362445
   2.763      0.361938
   2.767      0.361432
   2.771      0.360927
   2.775      0.360424
   2.778      0.359922
   2.782      0.359421
   2.786      0.358922
   2.790      0.358424
   2.794      0.357928
   2.798      0.357433
   2.802      0.356939
   2.805      0.356447
   2.809      0.355956
   2.813      0.355466
   2.817      0.354978
   2.821      0.354491
   2.825      0.354006
   2.829      0.353521
   2.833      0.353038
   2.836      0.352557
   2.840      0.352077
   2.844      0.351598
   2.848      0.351120
   2.852      0.350643
   2.856      0.350168
   2.860      0.349694
   2.864      0.349222
   2.867      0.348751
   2.871      0.348281
   2.875      0.347812
   2.879      0.347344
   2.883      0.346878
   2.887      0.346413
   2.891      0.345949
   2.894      0.345487
   2.898      0.345026
   2.902      0.344566
   2.906      0.344107
   2.910      0.343649
   2.914      0.343193
   2.918      0.342738
   2.922      0.342284
   2.925      0.341831
   2.929      0.341379
   2.933      0.340929
   2.937      0.340480
   2.941      0.340032
   2.945      0.339585
   2.949      0.339139
   2.953      0.338695
   2.956      0.338252
   2.960      0.337809
   2.964      0.337368
   2.968      0.336929
   2.972      0.336490
   2.976      0.336052
   2.980      0.335616
   2.983      0.335181
   2.987      0.334746
   2.991      0.334313
   2.995      0.333881
   2.999      0.333451
   3.003      0.333021
   3.007      0.332592
   3.011      0.332165
   3.014      0.331738
   3.018      0.331313
   3.022      0.330889
   3.026      0.330466
   3.030      0.330044
   3.034      0.329623
   3.038      0.329203
   3.042      0.328784
   3.045      0.328366
   3.049      0.327949
   3.053      0.327534
   3.057      0.327119
   3.061      0.326706
   3.065      0.326293
   3.069      0.325882
   3.072      0.325471
   3.076      0.325062
   3.080      0.324653
   3.084      0.324246
   3.088      0.323840
   3.092      0.323435
   3.096      0.323030
