   0.000     -0.000169
   0.004      0.000084
   0.008      0.000337
   0.012      0.000759
   0.016      0.001349
   0.019      0.002108
   0.023      0.003035
   0.027      0.004130
   0.031      0.005393
   0.035      0.006824
   0.039      0.008422
   0.043      0.010187
   0.047      0.012120
   0.051      0.014219
   0.055      0.016484
   0.059      0.018915
   0.062      0.021511
   0.066      0.024273
   0.070      0.027198
   0.074      0.030288
   0.078      0.033541
   0.082      0.036957
   0.086      0.040536
   0.090      0.044276
   0.094      0.048177
   0.098      0.052238
   0.101      0.056459
   0.105      0.060838
   0.109      0.065376
   0.113      0.070072
   0.117      0.074923
   0.121      0.079931
   0.125      0.085093
   0.129      0.090409
   0.133      0.095878
   0.136      0.101500
   0.140      0.107272
   0.144      0.113194
   0.148      0.119266
   0.152      0.125485
   0.156      0.131852
   0.160      0.138364
   0.164      0.145021
   0.168      0.151821
   0.172      0.158764
   0.175      0.165848
   0.179      0.173072
   0.183      0.180434
   0.187      0.187934
   0.191      0.195571
   0.195      0.203341
   0.199      0.211246
   0.203      0.219282
   0.207      0.227450
   0.211      0.235746
   0.214      0.244171
   0.218      0.252721
   0.222      0.261397
   0.226      0.270196
   0.230      0.279117
   0.234      0.288159
   0.238      0.297319
   0.242      0.306596
   0.246      0.315989
   0.250      0.325496
   0.253      0.335116
   0.257      0.344846
   0.261      0.354685
   0.265      0.364632
   0.269      0.374684
   0.273      0.384840
   0.277      0.395098
   0.281      0.405456
   0.285      0.415914
   0.289      0.426467
   0.292      0.437116
   0.296      0.447858
   0.300      0.458691
   0.304      0.469614
   0.308      0.480624
   0.312      0.491720
   0.316      0.502900
   0.320      0.514161
   0.324      0.525503
   0.328      0.536922
   0.331      0.548417
   0.335      0.559987
   0.339      0.571628
   0.343      0.583339
   0.347      0.595119
   0.351      0.606965
   0.355      0.618874
   0.359      0.630846
   0.363      0.642877
   0.367      0.654967
   0.371      0.667112
   0.374      0.679311
   0.378      0.691561
   0.382      0.703862
   0.386      0.716210
   0.390      0.728603
   0.394      0.741039
   0.398      0.753517
   0.402      0.766034
   0.406      0.778588
   0.410      0.791177
   0.413      0.803799
   0.417      0.816451
   0.421      0.829132
   0.425      0.841839
   0.429      0.854570
   0.433      0.867323
   0.437      0.880097
   0.441      0.892888
   0.445      0.905695
   0.449      0.918516
   0.452      0.931348
   0.456      0.944189
   0.460      0.957038
   0.464      0.969892
   0.468      0.982748
   0.472      0.995605
   0.476      1.008462
   0.480      1.021314
   0.484      1.034161
   0.488      1.047001
   0.491      1.059831
   0.495      1.072649
   0.499      1.085453
   0.503      1.098241
   0.507      1.111011
   0.511      1.123761
   0.515      1.136489
   0.519      1.149192
   0.523      1.161870
   0.527      1.174519
   0.530      1.187137
   0.534      1.199724
   0.538      1.212276
   0.542      1.224792
   0.546      1.237270
   0.550      1.249707
   0.554      1.262102
   0.558      1.274454
   0.562      1.286759
   0.566      1.299016
   0.569      1.311223
   0.573      1.323379
   0.577      1.335481
   0.581      1.347528
   0.585      1.359518
   0.589      1.371448
   0.593      1.383318
   0.597      1.395125
   0.601      1.406867
   0.605      1.418544
   0.608      1.430152
   0.612      1.441691
   0.616      1.453159
   0.620      1.464554
   0.624      1.475874
   0.628      1.487118
   0.632      1.498284
   0.636      1.509371
   0.640      1.520376
   0.644      1.531299
   0.647      1.542138
   0.651      1.552892
   0.655      1.563558
   0.659      1.574136
   0.663      1.584624
   0.667      1.595020
   0.671      1.605324
   0.675      1.615533
   0.679      1.625647
   0.683      1.635664
   0.686      1.645583
   0.690      1.655403
   0.694      1.665122
   0.698      1.674739
   0.702      1.684253
   0.706      1.693662
   0.710      1.702967
   0.714      1.712164
   0.718      1.721255
   0.722      1.730236
   0.725      1.739108
   0.729      1.747869
   0.733      1.756518
   0.737      1.765055
   0.741      1.773478
   0.745      1.781786
   0.749      1.789979
   0.753      1.798056
   0.757      1.806015
   0.761      1.813857
   0.764      1.821580
   0.768      1.829183
   0.772      1.836666
   0.776      1.844028
   0.780      1.851269
   0.784      1.858388
   0.788      1.865384
   0.792      1.872256
   0.796      1.879005
   0.800      1.885629
   0.803      1.892128
   0.807      1.898501
   0.811      1.904749
   0.815      1.910871
   0.819      1.916866
   0.823      1.922733
   0.827      1.928474
   0.831      1.934086
   0.835      1.939571
   0.839      1.944927
   0.842      1.950155
   0.846      1.955255
   0.850      1.960225
   0.854      1.965067
   0.858      1.969779
   0.862      1.974362
   0.866      1.978816
   0.870      1.983141
   0.874      1.987336
   0.878      1.991402
   0.881      1.995339
   0.885      1.999146
   0.889      2.002825
   0.893      2.006374
   0.897      2.009794
   0.901      2.013086
   0.905      2.016249
   0.909      2.019284
   0.913      2.022191
   0.917      2.024970
   0.920      2.027621
   0.924      2.030146
   0.928      2.032543
   0.932      2.034814
   0.936      2.036958
   0.940      2.038977
   0.944      2.040870
   0.948      2.042639
   0.952      2.044283
   0.956      2.045803
   0.959      2.047199
   0.963      2.048473
   0.967      2.049624
   0.971      2.050653
   0.975      2.051561
   0.979      2.052349
   0.983      2.053016
   0.987      2.053564
   0.991      2.053993
   0.995      2.054304
   0.998      2.054498
   1.002      2.054575
   1.006      2.054537
   1.010      2.054383
   1.014      2.054115
   1.018      2.053733
   1.022      2.053238
   1.026      2.052631
   1.030      2.051913
   1.034      2.051085
   1.037      2.050147
   1.041      2.049101
   1.045      2.047947
   1.049      2.046686
   1.053      2.045319
   1.057      2.043847
   1.061      2.042271
   1.065      2.040592
   1.069      2.038811
   1.073      2.036929
   1.076      2.034946
   1.080      2.032864
   1.084      2.030684
   1.088      2.028407
   1.092      2.026034
   1.096      2.023565
   1.100      2.021002
   1.104      2.018347
   1.108      2.015599
   1.112      2.012760
   1.115      2.009832
   1.119      2.006814
   1.123      2.003709
   1.127      2.000517
   1.131      1.997240
   1.135      1.993878
   1.139      1.990433
   1.143      1.986905
   1.147      1.983297
   1.151      1.979608
   1.154      1.975841
   1.158      1.971996
   1.162      1.968074
   1.166      1.964076
   1.170      1.960005
   1.174      1.955860
   1.178      1.951642
   1.182      1.947354
   1.186      1.942997
   1.190      1.938570
   1.193      1.934076
   1.197      1.929515
   1.201      1.924890
   1.205      1.920200
   1.209      1.915447
   1.213      1.910632
   1.217      1.905757
   1.221      1.900822
   1.225      1.895828
   1.229      1.890778
   1.232      1.885671
   1.236      1.880509
   1.240      1.875293
   1.244      1.870024
   1.248      1.864704
   1.252      1.859333
   1.256      1.853913
   1.260      1.848444
   1.264      1.842928
   1.268      1.837366
   1.271      1.831759
   1.275      1.826108
   1.279      1.820414
   1.283      1.814678
   1.287      1.808901
   1.291      1.803085
   1.295      1.797230
   1.299      1.791338
   1.303      1.785409
   1.307      1.779445
   1.310      1.773446
   1.314      1.767414
   1.318      1.761350
   1.322      1.755254
   1.326      1.749128
   1.330      1.742972
   1.334      1.736788
   1.338      1.730577
   1.342      1.724339
   1.346      1.718076
   1.349      1.711788
   1.353      1.705477
   1.357      1.699144
   1.361      1.692788
   1.365      1.686412
   1.369      1.680016
   1.373      1.673602
   1.377      1.667169
   1.381      1.660719
   1.385      1.654253
   1.388      1.647771
   1.392      1.641275
   1.396      1.634766
   1.400      1.628243
   1.404      1.621709
   1.408      1.615163
   1.412      1.608608
   1.416      1.602042
   1.420      1.595468
   1.424      1.588886
   1.427      1.582297
   1.431      1.575701
   1.435      1.569100
   1.439      1.562494
   1.443      1.555884
   1.447      1.549270
   1.451      1.542654
   1.455      1.536035
   1.459      1.529416
   1.463      1.522795
   1.466      1.516175
   1.470      1.509555
   1.474      1.502937
   1.478      1.496321
   1.482      1.489707
   1.486      1.483097
   1.490      1.476491
   1.494      1.469889
   1.498      1.463292
   1.502      1.456701
   1.505      1.450116
   1.509      1.443538
   1.513      1.436967
   1.517      1.430404
   1.521      1.423850
   1.525      1.417305
   1.529      1.410769
   1.533      1.404243
   1.537      1.397728
   1.541      1.391223
   1.544      1.384731
   1.548      1.378250
   1.552      1.371781
   1.556      1.365325
   1.560      1.358883
   1.564      1.352454
   1.568      1.346040
   1.572      1.339640
   1.576      1.333255
   1.580      1.326885
   1.583      1.320531
   1.587      1.314193
   1.591      1.307872
   1.595      1.301567
   1.599      1.295280
   1.603      1.289010
   1.607      1.282758
   1.611      1.276524
   1.615      1.270309
   1.619      1.264112
   1.622      1.257935
   1.626      1.251777
   1.630      1.245639
   1.634      1.239520
   1.638      1.233422
   1.642      1.227344
   1.646      1.221287
   1.650      1.215251
   1.654      1.209237
   1.658      1.203243
   1.661      1.197271
   1.665      1.191321
   1.669      1.185394
   1.673      1.179488
   1.677      1.173605
   1.681      1.167745
   1.685      1.161907
   1.689      1.156092
   1.693      1.150301
   1.697      1.144533
   1.700      1.138788
   1.704      1.133067
   1.708      1.127369
   1.712      1.121696
   1.716      1.116046
   1.720      1.110421
   1.724      1.104820
   1.728      1.099243
   1.732      1.093691
   1.736      1.088163
   1.739      1.082659
   1.743      1.077181
   1.747      1.071727
   1.751      1.066298
   1.755      1.060894
   1.759      1.055515
   1.763      1.050161
   1.767      1.044833
   1.771      1.039529
   1.775      1.034250
   1.778      1.028997
   1.782      1.023769
   1.786      1.018566
   1.790      1.013389
   1.794      1.008237
   1.798      1.003110
   1.802      0.998009
   1.806      0.992933
   1.810      0.987882
   1.814      0.982856
   1.817      0.977856
   1.821      0.972882
   1.825      0.967932
   1.829      0.963008
   1.833      0.958110
   1.837      0.953236
   1.841      0.948388
   1.845      0.943565
   1.849      0.938767
   1.853      0.933994
   1.856      0.929247
   1.860      0.924524
   1.864      0.919826
   1.868      0.915154
   1.872      0.910506
   1.876      0.905883
   1.880      0.901285
   1.884      0.896711
   1.888      0.892163
   1.892      0.887638
   1.895      0.883139
   1.899      0.878663
   1.903      0.874212
   1.907      0.869786
   1.911      0.865383
   1.915      0.861005
   1.919      0.856651
   1.923      0.852320
   1.927      0.848014
   1.931      0.843731
   1.934      0.839472
   1.938      0.835237
   1.942      0.831025
   1.946      0.826836
   1.950      0.822671
   1.954      0.818529
   1.958      0.814410
   1.962      0.810314
   1.966      0.806241
   1.970      0.802191
   1.973      0.798164
   1.977      0.794159
   1.981      0.790176
   1.985      0.786216
   1.989      0.782278
   1.993      0.778363
   1.997      0.774469
   2.001      0.770597
   2.005      0.766747
   2.009      0.762919
   2.012      0.759112
   2.016      0.755327
   2.020      0.751563
   2.024      0.747820
   2.028      0.744098
   2.032      0.740398
   2.036      0.736718
   2.040      0.733059
   2.044      0.729420
   2.048      0.725802
   2.051      0.722205
   2.055      0.718627
   2.059      0.715070
   2.063      0.711533
   2.067      0.708015
   2.071      0.704518
   2.075      0.701040
   2.079      0.697581
   2.083      0.694142
   2.087      0.690722
   2.090      0.687322
   2.094      0.683940
   2.098      0.680577
   2.102      0.677233
   2.106      0.673908
   2.110      0.670601
   2.114      0.667312
   2.118      0.664042
   2.122      0.660790
   2.125      0.657556
   2.129      0.654340
   2.133      0.651142
   2.137      0.647961
   2.141      0.644798
   2.145      0.641652
   2.149      0.638524
   2.153      0.635413
   2.157      0.632319
   2.161      0.629242
   2.164      0.626181
   2.168      0.623138
   2.172      0.620111
   2.176      0.617100
   2.180      0.614106
   2.184      0.611128
   2.188      0.608166
   2.192      0.605221
   2.196      0.602291
   2.200      0.599377
   2.203      0.596479
   2.207      0.593596
   2.211      0.590729
   2.215      0.587877
   2.219      0.585040
   2.223      0.582219
   2.227      0.579412
   2.231      0.576621
   2.235      0.573844
   2.239      0.571082
   2.242      0.568335
   2.246      0.565602
   2.250      0.562883
   2.254      0.560179
   2.258      0.557489
   2.262      0.554813
   2.266      0.552152
   2.270      0.549504
   2.274      0.546870
   2.278      0.544249
   2.281      0.541642
   2.285      0.539049
   2.289      0.536470
   2.293      0.533903
   2.297      0.531350
   2.301      0.528810
   2.305      0.526283
   2.309      0.523769
   2.313      0.521268
   2.317      0.518780
   2.320      0.516305
   2.324      0.513842
   2.328      0.511391
   2.332      0.508954
   2.336      0.506528
   2.340      0.504115
   2.344      0.501714
   2.348      0.499326
   2.352      0.496949
   2.356      0.494585
   2.359      0.492232
   2.363      0.489891
   2.367      0.487562
   2.371      0.485245
   2.375      0.482939
   2.379      0.480645
   2.383      0.478362
   2.387      0.476091
   2.391      0.473831
   2.395      0.471582
   2.398      0.469345
   2.402      0.467118
   2.406      0.464903
   2.410      0.462699
   2.414      0.460505
   2.418      0.458323
   2.422      0.456151
   2.426      0.453991
   2.430      0.451841
   2.434      0.449701
   2.437      0.447572
   2.441      0.445454
   2.445      0.443346
   2.449      0.441248
   2.453      0.439161
   2.457      0.437084
   2.461      0.435017
   2.465      0.432961
   2.469      0.430914
   2.473      0.428878
   2.476      0.426851
   2.480      0.424835
   2.484      0.422828
   2.488      0.420832
   2.492      0.418845
   2.496      0.416868
   2.500      0.414900
   2.504      0.412943
   2.508      0.410994
   2.512      0.409056
   2.515      0.407127
   2.519      0.405207
   2.523      0.403297
   2.527      0.401396
   2.531      0.399504
   2.535      0.397621
   2.539      0.395748
   2.543      0.393884
   2.547      0.392029
   2.551      0.390183
   2.554      0.388346
   2.558      0.386518
   2.562      0.384699
   2.566      0.382889
   2.570      0.381088
   2.574      0.379295
   2.578      0.377512
   2.582      0.375737
   2.586      0.373970
   2.590      0.372212
   2.593      0.370463
   2.597      0.368722
   2.601      0.366990
   2.605      0.365266
   2.609      0.363550
   2.613      0.361843
   2.617      0.360144
   2.621      0.358453
   2.625      0.356771
   2.629      0.355097
   2.632      0.353430
   2.636      0.351772
   2.640      0.350122
   2.644      0.348480
   2.648      0.346846
   2.652      0.345220
   2.656      0.343601
   2.660      0.341991
   2.664      0.340388
   2.668      0.338793
   2.671      0.337206
   2.675      0.335626
   2.679      0.334054
   2.683      0.332489
   2.687      0.330933
   2.691      0.329383
   2.695      0.327841
   2.699      0.326307
   2.703      0.324779
   2.707      0.323260
   2.710      0.321747
   2.714      0.320242
   2.718      0.318744
   2.722      0.317253
   2.726      0.315769
   2.730      0.314293
   2.734      0.312823
   2.738      0.311361
   2.742      0.309906
   2.746      0.308457
   2.749      0.307016
   2.753      0.305581
   2.757      0.304153
   2.761      0.302733
   2.765      0.301318
   2.769      0.299911
   2.773      0.298510
   2.777      0.297116
   2.781      0.295729
   2.785      0.294348
   2.788      0.292974
   2.792      0.291607
   2.796      0.290246
   2.800      0.288891
   2.804      0.287543
   2.808      0.286201
   2.812      0.284866
   2.816      0.283537
   2.820      0.282214
   2.824      0.280898
   2.827      0.279587
   2.831      0.278283
   2.835      0.276986
   2.839      0.275694
   2.843      0.274408
   2.847      0.273129
   2.851      0.271855
   2.855      0.270588
   2.859      0.269327
   2.863      0.268071
   2.866      0.266822
   2.870      0.265578
   2.874      0.264340
   2.878      0.263108
   2.882      0.261882
   2.886      0.260662
   2.890      0.259447
   2.894      0.258238
   2.898      0.257035
   2.902      0.255837
   2.905      0.254645
   2.909      0.253459
   2.913      0.252278
   2.917      0.251103
   2.921      0.249933
   2.925      0.248769
   2.929      0.247610
   2.933      0.246456
   2.937      0.245308
   2.941      0.244166
   2.944      0.243028
   2.948      0.241896
   2.952      0.240770
   2.956      0.239648
   2.960      0.238532
   2.964      0.237421
   2.968      0.236315
   2.972      0.235214
   2.976      0.234118
   2.980      0.233028
   2.983      0.231942
   2.987      0.230862
   2.991      0.229786
   2.995      0.228716
   2.999      0.227650
   3.003      0.226590
   3.007      0.225534
   3.011      0.224483
   3.015      0.223438
   3.019      0.222396
   3.022      0.221360
   3.026      0.220329
   3.030      0.219302
   3.034      0.218280
   3.038      0.217263
   3.042      0.216250
   3.046      0.215242
   3.050      0.214239
   3.054      0.213240
   3.058      0.212246
   3.061      0.211256
   3.065      0.210271
   3.069      0.209291
   3.073      0.208315
   3.077      0.207343
   3.081      0.206376
   3.085      0.205414
   3.089      0.204455
   3.093      0.203501
   3.097      0.202552
   3.100      0.201607
   3.104      0.200666
   3.108      0.199729
   3.112      0.198797
   3.116      0.197869
   3.120      0.196945
   3.124      0.196025
   3.128      0.195110
   3.132      0.194199
   3.136      0.193291
   3.139      0.192388
   3.143      0.191489
   3.147      0.190595
   3.151      0.189704
   3.155      0.188817
   3.159      0.187934
   3.163      0.187055
   3.167      0.186180
   3.171      0.185310
   3.175      0.184443
   3.178      0.183580
   3.182      0.182720
   3.186      0.181865
   3.190      0.181014
   3.194      0.180166
   3.198      0.179322
   3.202      0.178482
   3.206      0.177646
   3.210      0.176813
   3.214      0.175985
   3.217      0.175160
   3.221      0.174338
   3.225      0.173521
   3.229      0.172707
   3.233      0.171896
   3.237      0.171089
   3.241      0.170286
   3.245      0.169487
   3.249      0.168691
   3.253      0.167898
   3.256      0.167109
   3.260      0.166324
   3.264      0.165542
   3.268      0.164763
   3.272      0.163988
   3.276      0.163217
   3.280      0.162449
   3.284      0.161684
   3.288      0.160922
   3.292      0.160164
   3.295      0.159410
   3.299      0.158658
   3.303      0.157910
   3.307      0.157166
   3.311      0.156424
   3.315      0.155686
   3.319      0.154951
   3.323      0.154220
   3.327      0.153491
   3.331      0.152766
   3.334      0.152044
   3.338      0.151325
   3.342      0.150609
   3.346      0.149897
   3.350      0.149187
   3.354      0.148481
   3.358      0.147778
   3.362      0.147077
   3.366      0.146380
   3.370      0.145686
   3.373      0.144995
   3.377      0.144307
   3.381      0.143622
   3.385      0.142940
   3.389      0.142261
   3.393      0.141584
   3.397      0.140911
   3.401      0.140241
   3.405      0.139573
   3.409      0.138909
   3.412      0.138247
   3.416      0.137588
   3.420      0.136932
   3.424      0.136279
   3.428      0.135629
   3.432      0.134982
   3.436      0.134337
   3.440      0.133695
   3.444      0.133056
   3.448      0.132419
   3.451      0.131786
   3.455      0.131155
   3.459      0.130527
   3.463      0.129901
   3.467      0.129278
   3.471      0.128658
   3.475      0.128040
   3.479      0.127425
   3.483      0.126813
   3.487      0.126203
   3.490      0.125596
   3.494      0.124992
   3.498      0.124390
   3.502      0.123791
   3.506      0.123194
   3.510      0.122600
   3.514      0.122008
   3.518      0.121419
   3.522      0.120832
   3.526      0.120248
   3.529      0.119666
   3.533      0.119087
   3.537      0.118510
   3.541      0.117935
   3.545      0.117363
   3.549      0.116794
   3.553      0.116226
   3.557      0.115662
   3.561      0.115099
   3.565      0.114539
   3.568      0.113981
   3.572      0.113426
   3.576      0.112873
   3.580      0.112322
   3.584      0.111774
   3.588      0.111228
   3.592      0.110684
   3.596      0.110142
   3.600      0.109603
   3.604      0.109066
   3.607      0.108531
   3.611      0.107998
   3.615      0.107468
   3.619      0.106940
   3.623      0.106414
   3.627      0.105890
   3.631      0.105368
   3.635      0.104849
   3.639      0.104331
   3.643      0.103816
   3.646      0.103303
   3.650      0.102792
   3.654      0.102283
   3.658      0.101776
   3.662      0.101271
   3.666      0.100769
   3.670      0.100268
   3.674      0.099770
   3.678      0.099273
   3.682      0.098779
   3.685      0.098286
   3.689      0.097796
   3.693      0.097308
   3.697      0.096821
   3.701      0.096337
   3.705      0.095854
   3.709      0.095374
   3.713      0.094895
   3.717      0.094419
   3.721      0.093944
   3.724      0.093471
   3.728      0.093000
   3.732      0.092531
   3.736      0.092064
   3.740      0.091599
   3.744      0.091136
   3.748      0.090675
   3.752      0.090215
   3.756      0.089757
   3.760      0.089302
   3.763      0.088848
   3.767      0.088395
   3.771      0.087945
   3.775      0.087496
   3.779      0.087050
   3.783      0.086604
   3.787      0.086161
   3.791      0.085720
   3.795      0.085280
   3.799      0.084842
   3.802      0.084406
   3.806      0.083971
   3.810      0.083539
   3.814      0.083108
   3.818      0.082678
   3.822      0.082250
   3.826      0.081825
   3.830      0.081400
   3.834      0.080978
   3.838      0.080557
   3.841      0.080137
   3.845      0.079720
   3.849      0.079304
   3.853      0.078889
   3.857      0.078477
   3.861      0.078065
   3.865      0.077656
   3.869      0.077248
   3.873      0.076842
   3.877      0.076437
   3.880      0.076034
   3.884      0.075632
   3.888      0.075232
   3.892      0.074833
   3.896      0.074436
   3.900      0.074041
   3.904      0.073647
   3.908      0.073255
   3.912      0.072864
   3.916      0.072474
   3.919      0.072087
   3.923      0.071700
   3.927      0.071315
   3.931      0.070932
   3.935      0.070550
   3.939      0.070169
   3.943      0.069790
   3.947      0.069413
   3.951      0.069037
   3.955      0.068662
   3.958      0.068288
   3.962      0.067917
   3.966      0.067546
   3.970      0.067177
   3.974      0.066809
   3.978      0.066443
   3.982      0.066078
   3.986      0.065715
   3.990      0.065352
   3.994      0.064992
   3.997      0.064632
   4.001      0.064274
   4.005      0.063917
   4.009      0.063562
   4.013      0.063208
   4.017      0.062855
   4.021      0.062503
   4.025      0.062153
   4.029      0.061804
   4.033      0.061457
   4.036      0.061111
   4.040      0.060766
   4.044      0.060422
   4.048      0.060079
   4.052      0.059738
   4.056      0.059398
   4.060      0.059059
   4.064      0.058722
   4.068      0.058386
   4.072      0.058051
   4.075      0.057717
   4.079      0.057385
   4.083      0.057053
   4.087      0.056723
   4.091      0.056394
   4.095      0.056066
   4.099      0.055740
   4.103      0.055414
   4.107      0.055090
   4.111      0.054767
   4.114      0.054445
   4.118      0.054125
   4.122      0.053805
   4.126      0.053487
   4.130      0.053169
   4.134      0.052853
   4.138      0.052538
   4.142      0.052224
   4.146      0.051912
   4.150      0.051600
   4.153      0.051289
   4.157      0.050980
   4.161      0.050672
   4.165      0.050364
   4.169      0.050058
   4.173      0.049753
   4.177      0.049449
   4.181      0.049146
   4.185      0.048844
   4.189      0.048543
   4.192      0.048243
   4.196      0.047945
   4.200      0.047647
   4.204      0.047350
   4.208      0.047055
   4.212      0.046760
   4.216      0.046466
   4.220      0.046174
   4.224      0.045882
   4.228      0.045592
   4.231      0.045302
   4.235      0.045013
   4.239      0.044726
   4.243      0.044439
   4.247      0.044153
   4.251      0.043869
   4.255      0.043585
   4.259      0.043302
   4.263      0.043020
   4.267      0.042740
   4.270      0.042460
   4.274      0.042181
   4.278      0.041903
   4.282      0.041626
   4.286      0.041349
   4.290      0.041074
   4.294      0.040800
   4.298      0.040526
   4.302      0.040254
   4.306      0.039982
   4.309      0.039712
   4.313      0.039442
   4.317      0.039173
   4.321      0.038905
   4.325      0.038638
   4.329      0.038371
   4.333      0.038106
   4.337      0.037841
   4.341      0.037578
   4.345      0.037315
   4.348      0.037053
   4.352      0.036792
   4.356      0.036531
   4.360      0.036272
   4.364      0.036013
   4.368      0.035756
   4.372      0.035499
   4.376      0.035242
   4.380      0.034987
   4.384      0.034733
   4.387      0.034479
   4.391      0.034226
   4.395      0.033974
   4.399      0.033723
   4.403      0.033472
   4.407      0.033222
   4.411      0.032973
   4.415      0.032725
   4.419      0.032478
   4.423      0.032231
   4.426      0.031985
   4.430      0.031740
   4.434      0.031496
   4.438      0.031252
   4.442      0.031009
   4.446      0.030767
   4.450      0.030526
   4.454      0.030285
   4.458      0.030045
   4.462      0.029806
   4.465      0.029568
   4.469      0.029330
   4.473      0.029093
   4.477      0.028857
   4.481      0.028621
   4.485      0.028386
   4.489      0.028152
   4.493      0.027918
   4.497      0.027686
   4.501      0.027453
   4.504      0.027222
   4.508      0.026991
   4.512      0.026761
   4.516      0.026532
   4.520      0.026303
   4.524      0.026075
   4.528      0.025848
   4.532      0.025621
   4.536      0.025395
   4.540      0.025169
   4.543      0.024945
   4.547      0.024720
   4.551      0.024497
   4.555      0.024274
   4.559      0.024052
   4.563      0.023830
   4.567      0.023609
   4.571      0.023389
   4.575      0.023169
   4.579      0.022950
   4.582      0.022731
   4.586      0.022513
   4.590      0.022296
   4.594      0.022079
   4.598      0.021863
   4.602      0.021648
   4.606      0.021433
   4.610      0.021219
   4.614      0.021005
   4.618      0.020792
   4.621      0.020579
   4.625      0.020367
   4.629      0.020156
   4.633      0.019945
   4.637      0.019734
   4.641      0.019525
   4.645      0.019315
   4.649      0.019107
   4.653      0.018899
   4.657      0.018691
   4.660      0.018484
   4.664      0.018277
   4.668      0.018071
   4.672      0.017866
   4.676      0.017661
   4.680      0.017457
   4.684      0.017253
   4.688      0.017050
   4.692      0.016847
   4.696      0.016645
   4.699      0.016443
   4.703      0.016241
   4.707      0.016041
   4.711      0.015840
   4.715      0.015641
   4.719      0.015441
   4.723      0.015243
   4.727      0.015044
   4.731      0.014846
   4.735      0.014649
   4.738      0.014452
   4.742      0.014256
   4.746      0.014060
   4.750      0.013865
   4.754      0.013670
   4.758      0.013475
   4.762      0.013281
   4.766      0.013087
   4.770      0.012894
   4.774      0.012702
   4.777      0.012509
   4.781      0.012318
   4.785      0.012126
   4.789      0.011935
   4.793      0.011745
   4.797      0.011555
   4.801      0.011365
   4.805      0.011176
   4.809      0.010987
   4.813      0.010799
   4.816      0.010611
   4.820      0.010424
   4.824      0.010236
   4.828      0.010050
   4.832      0.009864
   4.836      0.009678
   4.840      0.009492
   4.844      0.009307
   4.848      0.009123
   4.852      0.008938
   4.855      0.008754
   4.859      0.008571
   4.863      0.008388
   4.867      0.008205
   4.871      0.008023
   4.875      0.007841
   4.879      0.007659
   4.883      0.007478
   4.887      0.007297
   4.891      0.007117
   4.894      0.006937
   4.898      0.006757
   4.902      0.006577
   4.906      0.006398
   4.910      0.006220
   4.914      0.006041
   4.918      0.005863
   4.922      0.005686
   4.926      0.005508
   4.930      0.005331
   4.933      0.005155
   4.937      0.004979
   4.941      0.004803
   4.945      0.004627
   4.949      0.004452
   4.953      0.004277
   4.957      0.004102
   4.961      0.003928
   4.965      0.003754
   4.969      0.003580
   4.972      0.003407
   4.976      0.003233
   4.980      0.003061
   4.984      0.002888
   4.988      0.002716
   4.992      0.002544
   4.996      0.002373
   5.000      0.002201
   5.004      0.002030
   5.008      0.001860
   5.011      0.001689
   5.015      0.001519
   5.019      0.001349
   5.023      0.001180
   5.027      0.001010
   5.031      0.000841
   5.035      0.000672
   5.039      0.000504
   5.043      0.000336
   5.047      0.000168
   5.050      0.000000
