   0.000      1.381105
   0.004      1.381105
   0.008      1.381105
   0.012      1.381105
   0.015      1.381105
   0.019      1.381105
   0.023      1.381105
   0.027      1.381105
   0.031      1.381105
   0.035      1.381105
   0.039      1.381105
   0.043      1.381105
   0.046      1.381105
   0.050      1.381105
   0.054      1.381105
   0.058      1.381105
   0.062      1.381104
   0.066      1.381104
   0.070      1.381104
   0.074      1.381104
   0.077      1.381103
   0.081      1.381102
   0.085      1.381102
   0.089      1.381100
   0.093      1.381099
   0.097      1.381098
   0.101      1.381096
   0.104      1.381093
   0.108      1.381091
   0.112      1.381087
   0.116      1.381083
   0.120      1.381079
   0.124      1.381073
   0.128      1.381067
   0.132      1.381060
   0.135      1.381051
   0.139      1.381042
   0.143      1.381031
   0.147      1.381018
   0.151      1.381004
   0.155      1.380988
   0.159      1.380970
   0.163      1.380950
   0.166      1.380927
   0.170      1.380902
   0.174      1.380874
   0.178      1.380843
   0.182      1.380808
   0.186      1.380770
   0.190      1.380728
   0.193      1.380682
   0.197      1.380632
   0.201      1.380577
   0.205      1.380516
   0.209      1.380450
   0.213      1.380379
   0.217      1.380301
   0.221      1.380217
   0.224      1.380126
   0.228      1.380028
   0.232      1.379922
   0.236      1.379808
   0.240      1.379685
   0.244      1.379554
   0.248      1.379413
   0.252      1.379262
   0.255      1.379100
   0.259      1.378928
   0.263      1.378745
   0.267      1.378549
   0.271      1.378341
   0.275      1.378120
   0.279      1.377886
   0.282      1.377638
   0.286      1.377375
   0.290      1.377098
   0.294      1.376804
   0.298      1.376495
   0.302      1.376169
   0.306      1.375825
   0.310      1.375464
   0.313      1.375084
   0.317      1.374685
   0.321      1.374267
   0.325      1.373828
   0.329      1.373369
   0.333      1.372888
   0.337      1.372386
   0.341      1.371861
   0.344      1.371314
   0.348      1.370742
   0.352      1.370147
   0.356      1.369527
   0.360      1.368882
   0.364      1.368212
   0.368      1.367515
   0.371      1.366792
   0.375      1.366041
   0.379      1.365263
   0.383      1.364457
   0.387      1.363622
   0.391      1.362759
   0.395      1.361865
   0.399      1.360942
   0.402      1.359989
   0.406      1.359005
   0.410      1.357990
   0.414      1.356943
   0.418      1.355865
   0.422      1.354755
   0.426      1.353612
   0.430      1.352437
   0.433      1.351229
   0.437      1.349988
   0.441      1.348713
   0.445      1.347404
   0.449      1.346062
   0.453      1.344686
   0.457      1.343276
   0.460      1.341831
   0.464      1.340352
   0.468      1.338839
   0.472      1.337291
   0.476      1.335709
   0.480      1.334092
   0.484      1.332440
   0.488      1.330753
   0.491      1.329032
   0.495      1.327277
   0.499      1.325487
   0.503      1.323663
   0.507      1.321804
   0.511      1.319912
   0.515      1.317985
   0.519      1.316025
   0.522      1.314031
   0.526      1.312003
   0.530      1.309943
   0.534      1.307850
   0.538      1.305724
   0.542      1.303565
   0.546      1.301375
   0.549      1.299153
   0.553      1.296899
   0.557      1.294614
   0.561      1.292299
   0.565      1.289953
   0.569      1.287577
   0.573      1.285172
   0.577      1.282738
   0.580      1.280275
   0.584      1.277784
   0.588      1.275264
   0.592      1.272718
   0.596      1.270145
   0.600      1.267545
   0.604      1.264919
   0.608      1.262268
   0.611      1.259592
   0.615      1.256892
   0.619      1.254168
   0.623      1.251420
   0.627      1.248650
   0.631      1.245857
   0.635      1.243043
   0.638      1.240208
   0.642      1.237352
   0.646      1.234475
   0.650      1.231580
   0.654      1.228665
   0.658      1.225732
   0.662      1.222781
   0.666      1.219813
   0.669      1.216828
   0.673      1.213827
   0.677      1.210811
   0.681      1.207779
   0.685      1.204733
   0.689      1.201673
   0.693      1.198600
   0.697      1.195514
   0.700      1.192415
   0.704      1.189305
   0.708      1.186184
   0.712      1.183052
   0.716      1.179910
   0.720      1.176759
   0.724      1.173598
   0.727      1.170429
   0.731      1.167251
   0.735      1.164067
   0.739      1.160875
   0.743      1.157677
   0.747      1.154473
   0.751      1.151263
   0.755      1.148048
   0.758      1.144828
   0.762      1.141605
   0.766      1.138377
   0.770      1.135147
   0.774      1.131913
   0.778      1.128677
   0.782      1.125440
   0.786      1.122200
   0.789      1.118960
   0.793      1.115719
   0.797      1.112477
   0.801      1.109236
   0.805      1.105995
   0.809      1.102755
   0.813      1.099516
   0.816      1.096278
   0.820      1.093043
   0.824      1.089809
   0.828      1.086578
   0.832      1.083350
   0.836      1.080126
   0.840      1.076904
   0.844      1.073687
   0.847      1.070473
   0.851      1.067264
   0.855      1.064059
   0.859      1.060860
   0.863      1.057665
   0.867      1.054476
   0.871      1.051293
   0.875      1.048116
   0.878      1.044944
   0.882      1.041779
   0.886      1.038621
   0.890      1.035470
   0.894      1.032325
   0.898      1.029188
   0.902      1.026058
   0.905      1.022936
   0.909      1.019821
   0.913      1.016714
   0.917      1.013616
   0.921      1.010526
   0.925      1.007444
   0.929      1.004371
   0.933      1.001306
   0.936      0.998250
   0.940      0.995204
   0.944      0.992166
   0.948      0.989138
   0.952      0.986119
   0.956      0.983110
   0.960      0.980110
   0.964      0.977120
   0.967      0.974139
   0.971      0.971169
   0.975      0.968208
   0.979      0.965258
   0.983      0.962318
   0.987      0.959388
   0.991      0.956468
   0.994      0.953558
   0.998      0.950659
   1.002      0.947771
   1.006      0.944893
   1.010      0.942026
   1.014      0.939169
   1.018      0.936323
   1.022      0.933487
   1.025      0.930663
   1.029      0.927849
   1.033      0.925046
   1.037      0.922254
   1.041      0.919473
   1.045      0.916703
   1.049      0.913944
   1.053      0.911196
   1.056      0.908459
   1.060      0.905733
   1.064      0.903018
   1.068      0.900314
   1.072      0.897621
   1.076      0.894939
   1.080      0.892268
   1.083      0.889608
   1.087      0.886959
   1.091      0.884322
   1.095      0.881695
   1.099      0.879080
   1.103      0.876475
   1.107      0.873882
   1.111      0.871299
   1.114      0.868728
   1.118      0.866168
   1.122      0.863618
   1.126      0.861080
   1.130      0.858553
   1.134      0.856036
   1.138      0.853531
   1.142      0.851036
   1.145      0.848553
   1.149      0.846080
   1.153      0.843618
   1.157      0.841167
   1.161      0.838727
   1.165      0.836297
   1.169      0.833879
   1.172      0.831471
   1.176      0.829073
   1.180      0.826687
   1.184      0.824311
   1.188      0.821945
   1.192      0.819590
   1.196      0.817246
   1.200      0.814912
   1.203      0.812589
   1.207      0.810276
   1.211      0.807973
   1.215      0.805681
   1.219      0.803399
   1.223      0.801128
   1.227      0.798866
   1.231      0.796615
   1.234      0.794375
   1.238      0.792144
   1.242      0.789923
   1.246      0.787713
   1.250      0.785512
   1.254      0.783322
   1.258      0.781141
   1.261      0.778970
   1.265      0.776810
   1.269      0.774659
   1.273      0.772517
   1.277      0.770386
   1.281      0.768264
   1.285      0.766152
   1.289      0.764050
   1.292      0.761957
   1.296      0.759873
   1.300      0.757800
   1.304      0.755735
   1.308      0.753680
   1.312      0.751635
   1.316      0.749598
   1.320      0.747571
   1.323      0.745554
   1.327      0.743545
   1.331      0.741546
   1.335      0.739556
   1.339      0.737574
   1.343      0.735602
   1.347      0.733639
   1.350      0.731685
   1.354      0.729740
   1.358      0.727803
   1.362      0.725876
   1.366      0.723957
   1.370      0.722047
   1.374      0.720145
   1.378      0.718252
   1.381      0.716368
   1.385      0.714492
   1.389      0.712625
   1.393      0.710767
   1.397      0.708917
   1.401      0.707075
   1.405      0.705241
   1.409      0.703416
   1.412      0.701599
   1.416      0.699791
   1.420      0.697990
   1.424      0.696198
   1.428      0.694413
   1.432      0.692637
   1.436      0.690869
   1.439      0.689109
   1.443      0.687356
   1.447      0.685612
   1.451      0.683875
   1.455      0.682147
   1.459      0.680426
   1.463      0.678712
   1.467      0.677007
   1.470      0.675309
   1.474      0.673618
   1.478      0.671936
   1.482      0.670260
   1.486      0.668593
   1.490      0.666932
   1.494      0.665279
   1.498      0.663634
   1.501      0.661995
   1.505      0.660365
   1.509      0.658741
   1.513      0.657124
   1.517      0.655515
   1.521      0.653913
   1.525      0.652317
   1.528      0.650729
   1.532      0.649148
   1.536      0.647574
   1.540      0.646007
   1.544      0.644447
   1.548      0.642893
   1.552      0.641347
   1.556      0.639807
   1.559      0.638274
   1.563      0.636748
   1.567      0.635228
   1.571      0.633715
   1.575      0.632208
   1.579      0.630709
   1.583      0.629215
   1.587      0.627728
   1.590      0.626248
   1.594      0.624774
   1.598      0.623306
   1.602      0.621845
   1.606      0.620390
   1.610      0.618942
   1.614      0.617499
   1.617      0.616063
   1.621      0.614633
   1.625      0.613210
   1.629      0.611792
   1.633      0.610380
   1.637      0.608975
   1.641      0.607575
   1.645      0.606181
   1.648      0.604794
   1.652      0.603412
   1.656      0.602036
   1.660      0.600666
   1.664      0.599302
   1.668      0.597944
   1.672      0.596591
   1.676      0.595244
   1.679      0.593903
   1.683      0.592567
   1.687      0.591237
   1.691      0.589913
   1.695      0.588594
   1.699      0.587281
   1.703      0.585973
   1.706      0.584671
   1.710      0.583374
   1.714      0.582083
   1.718      0.580797
   1.722      0.579516
   1.726      0.578241
   1.730      0.576971
   1.734      0.575706
   1.737      0.574446
   1.741      0.573192
   1.745      0.571943
   1.749      0.570699
   1.753      0.569460
   1.757      0.568226
   1.761      0.566997
   1.765      0.565773
   1.768      0.564555
   1.772      0.563341
   1.776      0.562132
   1.780      0.560928
   1.784      0.559729
   1.788      0.558535
   1.792      0.557346
   1.795      0.556162
   1.799      0.554982
   1.803      0.553807
   1.807      0.552637
   1.811      0.551472
   1.815      0.550311
   1.819      0.549155
   1.823      0.548004
   1.826      0.546857
   1.830      0.545715
   1.834      0.544577
   1.838      0.543444
   1.842      0.542316
   1.846      0.541192
   1.850      0.540072
   1.854      0.538957
   1.857      0.537846
   1.861      0.536740
   1.865      0.535638
   1.869      0.534540
   1.873      0.533447
   1.877      0.532358
   1.881      0.531273
   1.884      0.530193
   1.888      0.529116
   1.892      0.528044
   1.896      0.526976
   1.900      0.525913
   1.904      0.524853
   1.908      0.523798
   1.912      0.522746
   1.915      0.521699
   1.919      0.520656
   1.923      0.519617
   1.927      0.518582
   1.931      0.517550
   1.935      0.516523
   1.939      0.515500
   1.943      0.514481
   1.946      0.513465
   1.950      0.512454
   1.954      0.511446
   1.958      0.510442
   1.962      0.509442
   1.966      0.508446
   1.970      0.507453
   1.973      0.506465
   1.977      0.505480
   1.981      0.504499
   1.985      0.503521
   1.989      0.502547
   1.993      0.501577
   1.997      0.500610
   2.001      0.499648
   2.004      0.498688
   2.008      0.497732
   2.012      0.496780
   2.016      0.495832
   2.020      0.494887
   2.024      0.493945
   2.028      0.493007
   2.032      0.492072
   2.035      0.491141
   2.039      0.490214
   2.043      0.489289
   2.047      0.488368
   2.051      0.487451
   2.055      0.486537
   2.059      0.485626
   2.063      0.484719
   2.066      0.483814
   2.070      0.482914
   2.074      0.482016
   2.078      0.481122
   2.082      0.480231
   2.086      0.479343
   2.090      0.478458
   2.093      0.477577
   2.097      0.476699
   2.101      0.475824
   2.105      0.474952
   2.109      0.474083
   2.113      0.473218
   2.117      0.472355
   2.121      0.471496
   2.124      0.470639
   2.128      0.469786
   2.132      0.468936
   2.136      0.468088
   2.140      0.467244
   2.144      0.466403
   2.148      0.465565
   2.152      0.464729
   2.155      0.463897
   2.159      0.463067
   2.163      0.462241
   2.167      0.461417
   2.171      0.460597
   2.175      0.459779
   2.179      0.458964
   2.182      0.458152
   2.186      0.457342
   2.190      0.456536
   2.194      0.455732
   2.198      0.454931
   2.202      0.454133
   2.206      0.453338
   2.210      0.452545
   2.213      0.451755
   2.217      0.450968
   2.221      0.450184
   2.225      0.449402
   2.229      0.448623
   2.233      0.447846
   2.237      0.447073
   2.241      0.446302
   2.244      0.445533
   2.248      0.444767
   2.252      0.444004
   2.256      0.443243
   2.260      0.442485
   2.264      0.441730
   2.268      0.440977
   2.271      0.440226
   2.275      0.439478
   2.279      0.438733
   2.283      0.437990
   2.287      0.437250
   2.291      0.436512
   2.295      0.435776
   2.299      0.435043
   2.302      0.434313
   2.306      0.433585
   2.310      0.432859
   2.314      0.432136
   2.318      0.431415
   2.322      0.430696
   2.326      0.429980
   2.330      0.429266
   2.333      0.428555
   2.337      0.427846
   2.341      0.427139
   2.345      0.426434
   2.349      0.425732
   2.353      0.425032
   2.357      0.424335
   2.360      0.423640
   2.364      0.422947
   2.368      0.422256
   2.372      0.421567
   2.376      0.420881
   2.380      0.420197
   2.384      0.419515
   2.388      0.418835
   2.391      0.418158
   2.395      0.417483
   2.399      0.416809
   2.403      0.416138
   2.407      0.415470
   2.411      0.414803
   2.415      0.414138
   2.419      0.413476
   2.422      0.412816
   2.426      0.412157
   2.430      0.411501
   2.434      0.410847
   2.438      0.410195
   2.442      0.409545
   2.446      0.408897
   2.449      0.408251
   2.453      0.407608
   2.457      0.406966
   2.461      0.406326
   2.465      0.405688
   2.469      0.405052
   2.473      0.404419
   2.477      0.403787
   2.480      0.403157
   2.484      0.402529
   2.488      0.401903
   2.492      0.401279
   2.496      0.400657
   2.500      0.400037
   2.504      0.399419
   2.508      0.398802
   2.511      0.398188
   2.515      0.397575
   2.519      0.396965
   2.523      0.396356
   2.527      0.395749
   2.531      0.395144
   2.535      0.394540
   2.538      0.393939
   2.542      0.393340
   2.546      0.392742
   2.550      0.392146
   2.554      0.391552
   2.558      0.390959
   2.562      0.390369
   2.566      0.389780
   2.569      0.389193
   2.573      0.388608
   2.577      0.388024
   2.581      0.387442
   2.585      0.386862
   2.589      0.386284
   2.593      0.385708
   2.597      0.385133
   2.600      0.384560
   2.604      0.383988
   2.608      0.383419
   2.612      0.382851
   2.616      0.382284
   2.620      0.381720
   2.624      0.381157
   2.627      0.380595
   2.631      0.380036
   2.635      0.379477
   2.639      0.378921
   2.643      0.378366
   2.647      0.377813
   2.651      0.377262
   2.655      0.376712
   2.658      0.376163
   2.662      0.375617
   2.666      0.375071
   2.670      0.374528
   2.674      0.373986
   2.678      0.373445
   2.682      0.372906
   2.686      0.372369
   2.689      0.371833
   2.693      0.371299
   2.697      0.370766
   2.701      0.370235
   2.705      0.369706
   2.709      0.369177
   2.713      0.368651
   2.716      0.368126
   2.720      0.367602
   2.724      0.367080
   2.728      0.366559
   2.732      0.366040
   2.736      0.365522
   2.740      0.365006
   2.744      0.364491
   2.747      0.363978
   2.751      0.363466
   2.755      0.362955
   2.759      0.362446
   2.763      0.361939
   2.767      0.361432
   2.771      0.360928
   2.775      0.360424
   2.778      0.359922
   2.782      0.359422
   2.786      0.358922
   2.790      0.358425
   2.794      0.357928
   2.798      0.357433
   2.802      0.356939
   2.805      0.356447
   2.809      0.355956
   2.813      0.355467
   2.817      0.354978
   2.821      0.354491
   2.825      0.354006
   2.829      0.353521
   2.833      0.353038
   2.836      0.352557
   2.840      0.352077
   2.844      0.351598
   2.848      0.351120
   2.852      0.350643
   2.856      0.350168
   2.860      0.349694
   2.864      0.349222
   2.867      0.348751
   2.871      0.348281
   2.875      0.347812
   2.879      0.347344
   2.883      0.346878
   2.887      0.346413
   2.891      0.345949
   2.894      0.345487
   2.898      0.345026
   2.902      0.344566
   2.906      0.344107
   2.910      0.343649
   2.914      0.343193
   2.918      0.342738
   2.922      0.342284
   2.925      0.341831
   2.929      0.341379
   2.933      0.340929
   2.937      0.340480
   2.941      0.340032
   2.945      0.339585
   2.949      0.339139
   2.953      0.338695
   2.956      0.338252
   2.960      0.337809
   2.964      0.337368
   2.968      0.336929
   2.972      0.336490
   2.976      0.336052
   2.980      0.335616
   2.983      0.335181
   2.987      0.334746
   2.991      0.334313
   2.995      0.333881
   2.999      0.333451
   3.003      0.333021
   3.007      0.332592
   3.011      0.332165
   3.014      0.331738
   3.018      0.331313
   3.022      0.330889
   3.026      0.330466
   3.030      0.330044
   3.034      0.329623
   3.038      0.329203
   3.042      0.328784
   3.045      0.328366
   3.049      0.327949
   3.053      0.327534
   3.057      0.327119
   3.061      0.326706
   3.065      0.326293
   3.069      0.325882
   3.072      0.325471
   3.076      0.325062
   3.080      0.324653
   3.084      0.324246
   3.088      0.323840
   3.092      0.323435
   3.096      0.323030
