   0.000      1.522839
   0.003      1.522839
   0.006      1.522839
   0.009      1.522839
   0.012      1.522839
   0.015      1.522839
   0.018      1.522838
   0.021      1.522837
   0.024      1.522835
   0.026      1.522833
   0.029      1.522830
   0.032      1.522825
   0.035      1.522819
   0.038      1.522812
   0.041      1.522803
   0.044      1.522791
   0.047      1.522777
   0.050      1.522760
   0.053      1.522740
   0.056      1.522716
   0.059      1.522688
   0.062      1.522656
   0.065      1.522619
   0.068      1.522577
   0.071      1.522529
   0.074      1.522475
   0.077      1.522414
   0.079      1.522346
   0.082      1.522270
   0.085      1.522187
   0.088      1.522094
   0.091      1.521992
   0.094      1.521881
   0.097      1.521759
   0.100      1.521626
   0.103      1.521482
   0.106      1.521326
   0.109      1.521157
   0.112      1.520975
   0.115      1.520780
   0.118      1.520570
   0.121      1.520345
   0.124      1.520105
   0.127      1.519849
   0.130      1.519576
   0.132      1.519287
   0.135      1.518979
   0.138      1.518654
   0.141      1.518310
   0.144      1.517947
   0.147      1.517564
   0.150      1.517162
   0.153      1.516738
   0.156      1.516294
   0.159      1.515828
   0.162      1.515340
   0.165      1.514830
   0.168      1.514298
   0.171      1.513742
   0.174      1.513163
   0.177      1.512560
   0.180      1.511933
   0.182      1.511282
   0.185      1.510606
   0.188      1.509906
   0.191      1.509181
   0.194      1.508430
   0.197      1.507654
   0.200      1.506852
   0.203      1.506025
   0.206      1.505172
   0.209      1.504294
   0.212      1.503389
   0.215      1.502459
   0.218      1.501502
   0.221      1.500520
   0.224      1.499512
   0.227      1.498478
   0.230      1.497418
   0.233      1.496332
   0.235      1.495221
   0.238      1.494085
   0.241      1.492923
   0.244      1.491736
   0.247      1.490524
   0.250      1.489287
   0.253      1.488026
   0.256      1.486740
   0.259      1.485430
   0.262      1.484097
   0.265      1.482739
   0.268      1.481359
   0.271      1.479955
   0.274      1.478528
   0.277      1.477079
   0.280      1.475607
   0.283      1.474114
   0.286      1.472599
   0.288      1.471062
   0.291      1.469504
   0.294      1.467926
   0.297      1.466327
   0.300      1.464708
   0.303      1.463069
   0.306      1.461411
   0.309      1.459733
   0.312      1.458037
   0.315      1.456321
   0.318      1.454588
   0.321      1.452837
   0.324      1.451068
   0.327      1.449281
   0.330      1.447478
   0.333      1.445657
   0.336      1.443820
   0.339      1.441967
   0.341      1.440098
   0.344      1.438214
   0.347      1.436314
   0.350      1.434398
   0.353      1.432468
   0.356      1.430524
   0.359      1.428565
   0.362      1.426592
   0.365      1.424605
   0.368      1.422605
   0.371      1.420591
   0.374      1.418564
   0.377      1.416525
   0.380      1.414473
   0.383      1.412408
   0.386      1.410331
   0.389      1.408243
   0.391      1.406143
   0.394      1.404031
   0.397      1.401908
   0.400      1.399774
   0.403      1.397629
   0.406      1.395474
   0.409      1.393308
   0.412      1.391132
   0.415      1.388946
   0.418      1.386750
   0.421      1.384545
   0.424      1.382331
   0.427      1.380107
   0.430      1.377874
   0.433      1.375632
   0.436      1.373382
   0.439      1.371124
   0.442      1.368857
   0.444      1.366582
   0.447      1.364300
   0.450      1.362009
   0.453      1.359712
   0.456      1.357406
   0.459      1.355094
   0.462      1.352775
   0.465      1.350449
   0.468      1.348117
   0.471      1.345778
   0.474      1.343433
   0.477      1.341082
   0.480      1.338725
   0.483      1.336362
   0.486      1.333994
   0.489      1.331620
   0.492      1.329241
   0.495      1.326857
   0.497      1.324468
   0.500      1.322074
   0.503      1.319676
   0.506      1.317273
   0.509      1.314865
   0.512      1.312454
   0.515      1.310039
   0.518      1.307620
   0.521      1.305197
   0.524      1.302770
   0.527      1.300340
   0.530      1.297907
   0.533      1.295471
   0.536      1.293032
   0.539      1.290590
   0.542      1.288145
   0.545      1.285697
   0.547      1.283247
   0.550      1.280795
   0.553      1.278341
   0.556      1.275884
   0.559      1.273426
   0.562      1.270965
   0.565      1.268503
   0.568      1.266040
   0.571      1.263575
   0.574      1.261108
   0.577      1.258641
   0.580      1.256172
   0.583      1.253702
   0.586      1.251232
   0.589      1.248761
   0.592      1.246289
   0.595      1.243816
   0.598      1.241343
   0.600      1.238870
   0.603      1.236397
   0.606      1.233923
   0.609      1.231450
   0.612      1.228976
   0.615      1.226503
   0.618      1.224030
   0.621      1.221557
   0.624      1.219085
   0.627      1.216613
   0.630      1.214142
   0.633      1.211672
   0.636      1.209203
   0.639      1.206734
   0.642      1.204267
   0.645      1.201800
   0.648      1.199335
   0.651      1.196871
   0.653      1.194409
   0.656      1.191948
   0.659      1.189488
   0.662      1.187030
   0.665      1.184574
   0.668      1.182119
   0.671      1.179666
   0.674      1.177215
   0.677      1.174767
   0.680      1.172320
   0.683      1.169875
   0.686      1.167432
   0.689      1.164992
   0.692      1.162554
   0.695      1.160118
   0.698      1.157685
   0.701      1.155254
   0.704      1.152826
   0.706      1.150401
   0.709      1.147978
   0.712      1.145558
   0.715      1.143140
   0.718      1.140726
   0.721      1.138315
   0.724      1.135906
   0.727      1.133501
   0.730      1.131098
   0.733      1.128699
   0.736      1.126303
   0.739      1.123910
   0.742      1.121521
   0.745      1.119135
   0.748      1.116752
   0.751      1.114373
   0.754      1.111997
   0.756      1.109625
   0.759      1.107256
   0.762      1.104891
   0.765      1.102529
   0.768      1.100172
   0.771      1.097818
   0.774      1.095467
   0.777      1.093121
   0.780      1.090779
   0.783      1.088440
   0.786      1.086105
   0.789      1.083775
   0.792      1.081448
   0.795      1.079125
   0.798      1.076807
   0.801      1.074493
   0.804      1.072182
   0.807      1.069876
   0.809      1.067574
   0.812      1.065277
   0.815      1.062983
   0.818      1.060694
   0.821      1.058410
   0.824      1.056129
   0.827      1.053854
   0.830      1.051582
   0.833      1.049315
   0.836      1.047052
   0.839      1.044794
   0.842      1.042541
   0.845      1.040292
   0.848      1.038047
   0.851      1.035807
   0.854      1.033572
   0.857      1.031342
   0.860      1.029116
   0.862      1.026894
   0.865      1.024678
   0.868      1.022466
   0.871      1.020259
   0.874      1.018056
   0.877      1.015859
   0.880      1.013666
   0.883      1.011478
   0.886      1.009295
   0.889      1.007116
   0.892      1.004943
   0.895      1.002774
   0.898      1.000611
   0.901      0.998452
   0.904      0.996298
   0.907      0.994149
   0.910      0.992005
   0.912      0.989865
   0.915      0.987731
   0.918      0.985602
   0.921      0.983478
   0.924      0.981359
   0.927      0.979244
   0.930      0.977135
   0.933      0.975031
   0.936      0.972932
   0.939      0.970838
   0.942      0.968749
   0.945      0.966665
   0.948      0.964586
   0.951      0.962512
   0.954      0.960443
   0.957      0.958379
   0.960      0.956321
   0.963      0.954267
   0.965      0.952219
   0.968      0.950175
   0.971      0.948137
   0.974      0.946104
   0.977      0.944076
   0.980      0.942053
   0.983      0.940035
   0.986      0.938023
   0.989      0.936015
   0.992      0.934013
   0.995      0.932016
   0.998      0.930024
   1.001      0.928037
   1.004      0.926055
   1.007      0.924078
   1.010      0.922107
   1.013      0.920140
   1.016      0.918179
   1.018      0.916223
   1.021      0.914272
   1.024      0.912326
   1.027      0.910386
   1.030      0.908450
   1.033      0.906520
   1.036      0.904595
   1.039      0.902675
   1.042      0.900760
   1.045      0.898850
   1.048      0.896946
   1.051      0.895046
   1.054      0.893152
   1.057      0.891262
   1.060      0.889378
   1.063      0.887499
   1.066      0.885625
   1.069      0.883757
   1.071      0.881893
   1.074      0.880035
   1.077      0.878181
   1.080      0.876333
   1.083      0.874490
   1.086      0.872651
   1.089      0.870818
   1.092      0.868990
   1.095      0.867167
   1.098      0.865350
   1.101      0.863537
   1.104      0.861729
   1.107      0.859927
   1.110      0.858129
   1.113      0.856336
   1.116      0.854549
   1.119      0.852766
   1.121      0.850989
   1.124      0.849216
   1.127      0.847449
   1.130      0.845687
   1.133      0.843929
   1.136      0.842177
   1.139      0.840429
   1.142      0.838687
   1.145      0.836949
   1.148      0.835217
   1.151      0.833489
   1.154      0.831767
   1.157      0.830049
   1.160      0.828336
   1.163      0.826628
   1.166      0.824925
   1.169      0.823227
   1.172      0.821534
   1.174      0.819846
   1.177      0.818162
   1.180      0.816484
   1.183      0.814810
   1.186      0.813142
   1.189      0.811478
   1.192      0.809819
   1.195      0.808164
   1.198      0.806515
   1.201      0.804870
   1.204      0.803230
   1.207      0.801595
   1.210      0.799965
   1.213      0.798340
   1.216      0.796719
   1.219      0.795103
   1.222      0.793492
   1.225      0.791885
   1.227      0.790283
   1.230      0.788686
   1.233      0.787094
   1.236      0.785506
   1.239      0.783923
   1.242      0.782345
   1.245      0.780771
   1.248      0.779202
   1.251      0.777638
   1.254      0.776078
   1.257      0.774523
   1.260      0.772973
   1.263      0.771427
   1.266      0.769886
   1.269      0.768349
   1.272      0.766817
   1.275      0.765289
   1.277      0.763766
   1.280      0.762248
   1.283      0.760734
   1.286      0.759224
   1.289      0.757719
   1.292      0.756219
   1.295      0.754723
   1.298      0.753231
   1.301      0.751744
   1.304      0.750262
   1.307      0.748784
   1.310      0.747310
   1.313      0.745841
   1.316      0.744376
   1.319      0.742915
   1.322      0.741459
   1.325      0.740007
   1.328      0.738560
   1.330      0.737117
   1.333      0.735678
   1.336      0.734244
   1.339      0.732814
   1.342      0.731388
   1.345      0.729967
   1.348      0.728550
   1.351      0.727137
   1.354      0.725728
   1.357      0.724324
   1.360      0.722923
   1.363      0.721528
   1.366      0.720136
   1.369      0.718748
   1.372      0.717365
   1.375      0.715986
   1.378      0.714611
   1.381      0.713240
   1.383      0.711873
   1.386      0.710511
   1.389      0.709152
   1.392      0.707798
   1.395      0.706448
   1.398      0.705102
   1.401      0.703760
   1.404      0.702422
   1.407      0.701088
   1.410      0.699758
   1.413      0.698432
   1.416      0.697110
   1.419      0.695792
   1.422      0.694479
   1.425      0.693169
   1.428      0.691863
   1.431      0.690561
   1.434      0.689263
   1.436      0.687969
   1.439      0.686679
   1.442      0.685393
   1.445      0.684110
   1.448      0.682832
   1.451      0.681557
   1.454      0.680287
   1.457      0.679020
   1.460      0.677757
   1.463      0.676498
   1.466      0.675242
   1.469      0.673991
   1.472      0.672743
   1.475      0.671499
   1.478      0.670259
   1.481      0.669023
   1.484      0.667790
   1.486      0.666561
   1.489      0.665336
   1.492      0.664115
   1.495      0.662897
   1.498      0.661683
   1.501      0.660473
   1.504      0.659266
   1.507      0.658063
   1.510      0.656864
   1.513      0.655668
   1.516      0.654476
   1.519      0.653287
   1.522      0.652102
   1.525      0.650921
   1.528      0.649743
   1.531      0.648569
   1.534      0.647399
   1.537      0.646232
   1.539      0.645068
   1.542      0.643908
   1.545      0.642752
   1.548      0.641599
   1.551      0.640450
   1.554      0.639304
   1.557      0.638161
   1.560      0.637022
   1.563      0.635886
   1.566      0.634754
   1.569      0.633626
   1.572      0.632500
   1.575      0.631378
   1.578      0.630260
   1.581      0.629145
   1.584      0.628033
   1.587      0.626925
   1.590      0.625820
   1.592      0.624718
   1.595      0.623620
   1.598      0.622525
   1.601      0.621433
   1.604      0.620345
   1.607      0.619259
   1.610      0.618178
   1.613      0.617099
   1.616      0.616024
   1.619      0.614951
   1.622      0.613883
   1.625      0.612817
   1.628      0.611754
   1.631      0.610695
   1.634      0.609639
   1.637      0.608586
   1.640      0.607537
   1.642      0.606490
   1.645      0.605447
   1.648      0.604406
   1.651      0.603369
   1.654      0.602335
   1.657      0.601304
   1.660      0.600277
   1.663      0.599252
   1.666      0.598230
   1.669      0.597212
   1.672      0.596196
   1.675      0.595184
   1.678      0.594174
   1.681      0.593168
   1.684      0.592164
   1.687      0.591164
   1.690      0.590166
   1.693      0.589172
   1.695      0.588181
   1.698      0.587192
   1.701      0.586206
   1.704      0.585224
   1.707      0.584244
   1.710      0.583268
   1.713      0.582294
   1.716      0.581323
   1.719      0.580355
   1.722      0.579390
   1.725      0.578427
   1.728      0.577468
   1.731      0.576511
   1.734      0.575558
   1.737      0.574607
   1.740      0.573659
   1.743      0.572714
   1.746      0.571771
   1.748      0.570832
   1.751      0.569895
   1.754      0.568961
   1.757      0.568029
   1.760      0.567101
   1.763      0.566175
   1.766      0.565252
   1.769      0.564332
   1.772      0.563414
   1.775      0.562499
   1.778      0.561587
   1.781      0.560678
   1.784      0.559771
   1.787      0.558867
   1.790      0.557965
   1.793      0.557066
   1.796      0.556170
   1.799      0.555277
   1.801      0.554386
   1.804      0.553498
   1.807      0.552612
   1.810      0.551729
   1.813      0.550849
   1.816      0.549971
   1.819      0.549095
   1.822      0.548223
   1.825      0.547352
   1.828      0.546485
   1.831      0.545620
   1.834      0.544757
   1.837      0.543897
   1.840      0.543040
   1.843      0.542185
   1.846      0.541332
   1.849      0.540482
   1.851      0.539634
   1.854      0.538789
   1.857      0.537947
   1.860      0.537107
   1.863      0.536269
   1.866      0.535433
   1.869      0.534601
   1.872      0.533770
   1.875      0.532942
   1.878      0.532116
   1.881      0.531293
   1.884      0.530472
   1.887      0.529654
   1.890      0.528838
   1.893      0.528024
   1.896      0.527212
   1.899      0.526403
   1.902      0.525597
   1.904      0.524792
   1.907      0.523990
   1.910      0.523190
   1.913      0.522393
   1.916      0.521597
   1.919      0.520805
   1.922      0.520014
   1.925      0.519226
   1.928      0.518439
   1.931      0.517656
   1.934      0.516874
   1.937      0.516095
   1.940      0.515317
   1.943      0.514542
   1.946      0.513770
   1.949      0.512999
   1.952      0.512231
   1.955      0.511465
   1.957      0.510701
   1.960      0.509939
   1.963      0.509179
   1.966      0.508422
   1.969      0.507667
   1.972      0.506913
   1.975      0.506162
   1.978      0.505413
   1.981      0.504667
   1.984      0.503922
   1.987      0.503179
   1.990      0.502439
   1.993      0.501701
   1.996      0.500964
   1.999      0.500230
   2.002      0.499498
   2.005      0.498768
   2.007      0.498040
   2.010      0.497314
   2.013      0.496590
   2.016      0.495868
   2.019      0.495148
   2.022      0.494430
   2.025      0.493714
   2.028      0.493000
   2.031      0.492288
   2.034      0.491578
   2.037      0.490870
   2.040      0.490165
   2.043      0.489461
   2.046      0.488759
   2.049      0.488058
   2.052      0.487360
   2.055      0.486664
   2.058      0.485970
   2.060      0.485278
   2.063      0.484587
   2.066      0.483899
   2.069      0.483212
   2.072      0.482527
   2.075      0.481844
   2.078      0.481163
   2.081      0.480484
   2.084      0.479807
   2.087      0.479132
   2.090      0.478458
   2.093      0.477787
   2.096      0.477117
   2.099      0.476449
   2.102      0.475783
   2.105      0.475119
   2.108      0.474456
   2.111      0.473795
   2.113      0.473137
   2.116      0.472479
   2.119      0.471824
   2.122      0.471171
   2.125      0.470519
   2.128      0.469869
   2.131      0.469221
   2.134      0.468574
   2.137      0.467930
   2.140      0.467287
   2.143      0.466645
   2.146      0.466006
   2.149      0.465368
   2.152      0.464732
   2.155      0.464098
   2.158      0.463465
   2.161      0.462834
   2.164      0.462205
   2.166      0.461577
   2.169      0.460952
   2.172      0.460327
   2.175      0.459705
   2.178      0.459084
   2.181      0.458465
   2.184      0.457847
   2.187      0.457231
   2.190      0.456617
   2.193      0.456005
   2.196      0.455394
   2.199      0.454784
   2.202      0.454176
   2.205      0.453570
   2.208      0.452966
   2.211      0.452363
   2.214      0.451761
   2.216      0.451162
   2.219      0.450563
   2.222      0.449967
   2.225      0.449372
   2.228      0.448778
   2.231      0.448186
   2.234      0.447596
   2.237      0.447007
   2.240      0.446420
   2.243      0.445834
   2.246      0.445250
   2.249      0.444667
   2.252      0.444086
   2.255      0.443506
   2.258      0.442928
   2.261      0.442351
   2.264      0.441776
   2.267      0.441203
   2.269      0.440630
   2.272      0.440060
   2.275      0.439490
   2.278      0.438923
   2.281      0.438356
   2.284      0.437791
   2.287      0.437228
   2.290      0.436666
   2.293      0.436105
   2.296      0.435546
   2.299      0.434989
   2.302      0.434432
   2.305      0.433878
   2.308      0.433324
   2.311      0.432772
   2.314      0.432222
   2.317      0.431672
   2.320      0.431125
   2.322      0.430578
   2.325      0.430033
   2.328      0.429489
   2.331      0.428947
   2.334      0.428406
   2.337      0.427867
   2.340      0.427329
   2.343      0.426792
   2.346      0.426256
   2.349      0.425722
   2.352      0.425189
   2.355      0.424658
