   0.000     -7.480558
   0.003     -7.485455
   0.005     -7.489751
   0.008     -7.494733
   0.011     -7.500733
   0.014     -7.507618
   0.016     -7.515316
   0.019     -7.524080
   0.022     -7.533756
   0.024     -7.544391
   0.027     -7.556190
   0.030     -7.569036
   0.033     -7.582978
   0.035     -7.598167
   0.038     -7.614526
   0.041     -7.632126
   0.043     -7.651085
   0.046     -7.671298
   0.049     -7.692823
   0.052     -7.715765
   0.054     -7.740016
   0.057     -7.765625
   0.060     -7.792671
   0.062     -7.821035
   0.065     -7.850753
   0.068     -7.881877
   0.071     -7.914300
   0.073     -7.948053
   0.076     -7.983141
   0.079     -8.019461
   0.081     -8.057045
   0.084     -8.095863
   0.087     -8.135791
   0.089     -8.176847
   0.092     -8.219025
   0.095     -8.262221
   0.098     -8.306439
   0.100     -8.351622
   0.103     -8.397662
   0.106     -8.444559
   0.108     -8.492245
   0.111     -8.540615
   0.114     -8.589658
   0.117     -8.639286
   0.119     -8.689395
   0.122     -8.739959
   0.125     -8.790888
   0.127     -8.842078
   0.130     -8.893483
   0.133     -8.945008
   0.136     -8.996549
   0.138     -9.048048
   0.141     -9.099404
   0.144     -9.150516
   0.146     -9.201308
   0.149     -9.251681
   0.152     -9.301533
   0.155     -9.350773
   0.157     -9.399307
   0.160     -9.447037
   0.163     -9.493849
   0.165     -9.539659
   0.168     -9.584369
   0.171     -9.627854
   0.174     -9.670040
   0.176     -9.710829
   0.179     -9.750081
   0.182     -9.787740
   0.184     -9.823708
   0.187     -9.857830
   0.190     -9.890070
   0.193     -9.920335
   0.195     -9.948456
   0.198     -9.974423
   0.201     -9.998137
   0.203    -10.019431
   0.206    -10.038312
   0.209    -10.054686
   0.212    -10.068385
   0.214    -10.079432
   0.217    -10.087738
   0.220    -10.093149
   0.222    -10.095701
   0.225    -10.095306
   0.228    -10.091825
   0.231    -10.085313
   0.233    -10.075685
   0.236    -10.062818
   0.239    -10.046784
   0.241    -10.027507
   0.244    -10.004883
   0.247     -9.978997
   0.250     -9.949780
   0.252     -9.917160
   0.255     -9.881233
   0.258     -9.841939
   0.260     -9.799231
   0.263     -9.753222
   0.266     -9.703861
   0.268     -9.651131
   0.271     -9.595158
   0.274     -9.535903
   0.277     -9.473383
   0.279     -9.407729
   0.282     -9.338920
   0.285     -9.267004
   0.287     -9.192124
   0.290     -9.114269
   0.293     -9.033518
   0.296     -8.950024
   0.298     -8.863792
   0.301     -8.774932
   0.304     -8.683599
   0.306     -8.589816
   0.309     -8.493715
   0.312     -8.395460
   0.315     -8.295089
   0.317     -8.192754
   0.320     -8.088622
   0.323     -7.982747
   0.325     -7.875295
   0.328     -7.766433
   0.331     -7.656231
   0.334     -7.544864
   0.336     -7.432496
   0.339     -7.319212
   0.342     -7.205187
   0.344     -7.090581
   0.347     -6.975490
   0.350     -6.860088
   0.353     -6.744525
   0.355     -6.628904
   0.358     -6.513390
   0.361     -6.398122
   0.363     -6.283214
   0.366     -6.168807
   0.369     -6.055032
   0.372     -5.942002
   0.374     -5.829840
   0.377     -5.718661
   0.380     -5.608578
   0.382     -5.499688
   0.385     -5.392088
   0.388     -5.285887
   0.391     -5.181154
   0.393     -5.077972
   0.396     -4.976438
   0.399     -4.876593
   0.401     -4.778505
   0.404     -4.682254
   0.407     -4.587857
   0.410     -4.495363
   0.412     -4.404838
   0.415     -4.316273
   0.418     -4.229700
   0.420     -4.145164
   0.423     -4.062638
   0.426     -3.982140
   0.429     -3.903692
   0.431     -3.827251
   0.434     -3.752820
   0.437     -3.680407
   0.439     -3.609949
   0.442     -3.541435
   0.445     -3.474860
   0.447     -3.410155
   0.450     -3.347297
   0.453     -3.286257
   0.456     -3.226968
   0.458     -3.169403
   0.461     -3.113515
   0.464     -3.059234
   0.466     -3.006527
   0.469     -2.955348
   0.472     -2.905621
   0.475     -2.857304
   0.477     -2.810350
   0.480     -2.764692
   0.483     -2.720288
   0.485     -2.677080
   0.488     -2.635006
   0.491     -2.594030
   0.494     -2.554099
   0.496     -2.515153
   0.499     -2.477151
   0.502     -2.440050
   0.504     -2.403799
   0.507     -2.368361
   0.510     -2.333694
   0.513     -2.299753
   0.515     -2.266508
   0.518     -2.233922
   0.521     -2.201960
   0.523     -2.170594
   0.526     -2.139792
   0.529     -2.109527
   0.532     -2.079774
   0.534     -2.050511
   0.537     -2.021715
   0.540     -1.993365
   0.542     -1.965442
   0.545     -1.937933
   0.548     -1.910820
   0.551     -1.884090
   0.553     -1.857730
   0.556     -1.831724
   0.559     -1.806068
   0.561     -1.780754
   0.564     -1.755768
   0.567     -1.731106
   0.570     -1.706760
   0.572     -1.682722
   0.575     -1.658993
   0.578     -1.635567
   0.580     -1.612435
   0.583     -1.589596
   0.586     -1.567048
   0.589     -1.544786
   0.591     -1.522809
   0.594     -1.501115
   0.597     -1.479698
   0.599     -1.458558
   0.602     -1.437693
   0.605     -1.417102
   0.607     -1.396783
   0.610     -1.376733
   0.613     -1.356948
   0.616     -1.337429
   0.618     -1.318175
   0.621     -1.299180
   0.624     -1.280446
   0.626     -1.261969
   0.629     -1.243746
   0.632     -1.225775
   0.635     -1.208056
   0.637     -1.190584
   0.640     -1.173358
   0.643     -1.156375
   0.645     -1.139633
   0.648     -1.123128
   0.651     -1.106858
   0.654     -1.090821
   0.656     -1.075014
   0.659     -1.059434
   0.662     -1.044078
   0.664     -1.028944
   0.667     -1.014029
   0.670     -0.999329
   0.673     -0.984842
   0.675     -0.970566
   0.678     -0.956496
   0.681     -0.942631
   0.683     -0.928968
   0.686     -0.915503
   0.689     -0.902234
   0.692     -0.889159
   0.694     -0.876273
   0.697     -0.863575
   0.700     -0.851063
   0.702     -0.838732
   0.705     -0.826580
   0.708     -0.814606
   0.711     -0.802806
   0.713     -0.791178
   0.716     -0.779718
   0.719     -0.768425
   0.721     -0.757296
   0.724     -0.746329
   0.727     -0.735521
   0.730     -0.724870
   0.732     -0.714374
   0.735     -0.704029
   0.738     -0.693835
   0.740     -0.683788
   0.743     -0.673887
   0.746     -0.664129
   0.749     -0.654513
   0.751     -0.645035
   0.754     -0.635694
   0.757     -0.626488
   0.759     -0.617415
   0.762     -0.608473
   0.765     -0.599660
   0.768     -0.590974
   0.770     -0.582413
   0.773     -0.573976
   0.776     -0.565660
   0.778     -0.557463
   0.781     -0.549385
   0.784     -0.541423
   0.786     -0.533575
   0.789     -0.525840
   0.792     -0.518216
   0.795     -0.510702
   0.797     -0.503295
   0.800     -0.495995
   0.803     -0.488799
   0.805     -0.481707
   0.808     -0.474716
   0.811     -0.467825
   0.814     -0.461033
   0.816     -0.454339
   0.819     -0.447739
   0.822     -0.441235
   0.824     -0.434823
   0.827     -0.428503
   0.830     -0.422274
   0.833     -0.416134
   0.835     -0.410081
   0.838     -0.404115
   0.841     -0.398234
   0.843     -0.392437
   0.846     -0.386722
   0.849     -0.381089
   0.852     -0.375536
   0.854     -0.370063
   0.857     -0.364668
   0.860     -0.359349
   0.862     -0.354107
   0.865     -0.348939
   0.868     -0.343845
   0.871     -0.338823
   0.873     -0.333873
   0.876     -0.328993
   0.879     -0.324183
   0.881     -0.319442
   0.884     -0.314767
   0.887     -0.310160
   0.890     -0.305618
   0.892     -0.301140
   0.895     -0.296727
   0.898     -0.292376
   0.900     -0.288087
   0.903     -0.283859
   0.906     -0.279691
   0.909     -0.275582
   0.911     -0.271532
   0.914     -0.267539
   0.917     -0.263603
   0.919     -0.259723
   0.922     -0.255898
   0.925     -0.252128
   0.928     -0.248411
   0.930     -0.244747
   0.933     -0.241135
   0.936     -0.237575
   0.938     -0.234065
   0.941     -0.230605
   0.944     -0.227194
   0.946     -0.223832
   0.949     -0.220517
   0.952     -0.217250
   0.955     -0.214029
   0.957     -0.210854
   0.960     -0.207724
   0.963     -0.204638
   0.965     -0.201597
   0.968     -0.198598
   0.971     -0.195643
   0.974     -0.192729
   0.976     -0.189857
   0.979     -0.187026
   0.982     -0.184235
   0.984     -0.181483
   0.987     -0.178771
   0.990     -0.176098
   0.993     -0.173463
   0.995     -0.170865
   0.998     -0.168304
   1.001     -0.165780
   1.003     -0.163291
   1.006     -0.160838
   1.009     -0.158421
   1.012     -0.156037
   1.014     -0.153688
   1.017     -0.151372
   1.020     -0.149089
   1.022     -0.146839
   1.025     -0.144621
   1.028     -0.142434
   1.031     -0.140279
   1.033     -0.138155
   1.036     -0.136061
   1.039     -0.133997
   1.041     -0.131962
   1.044     -0.129957
   1.047     -0.127980
   1.050     -0.126032
   1.052     -0.124111
   1.055     -0.122218
   1.058     -0.120353
   1.060     -0.118514
   1.063     -0.116701
   1.066     -0.114914
   1.069     -0.113153
   1.071     -0.111418
   1.074     -0.109707
   1.077     -0.108021
   1.079     -0.106359
   1.082     -0.104721
   1.085     -0.103106
   1.088     -0.101515
   1.090     -0.099947
   1.093     -0.098402
   1.096     -0.096878
   1.098     -0.095377
   1.101     -0.093897
   1.104     -0.092439
   1.107     -0.091002
   1.109     -0.089585
   1.112     -0.088189
   1.115     -0.086814
   1.117     -0.085458
   1.120     -0.084122
   1.123     -0.082805
   1.125     -0.081507
   1.128     -0.080229
   1.131     -0.078968
   1.134     -0.077726
   1.136     -0.076503
   1.139     -0.075297
   1.142     -0.074108
   1.144     -0.072937
   1.147     -0.071783
   1.150     -0.070646
   1.153     -0.069525
   1.155     -0.068421
   1.158     -0.067333
   1.161     -0.066261
   1.163     -0.065204
   1.166     -0.064163
   1.169     -0.063138
   1.172     -0.062127
   1.174     -0.061131
   1.177     -0.060150
   1.180     -0.059184
   1.182     -0.058231
   1.185     -0.057293
   1.188     -0.056368
   1.191     -0.055457
   1.193     -0.054560
   1.196     -0.053676
   1.199     -0.052805
   1.201     -0.051946
   1.204     -0.051101
   1.207     -0.050268
   1.210     -0.049447
   1.212     -0.048639
   1.215     -0.047843
   1.218     -0.047058
   1.220     -0.046286
   1.223     -0.045524
   1.226     -0.044775
   1.229     -0.044036
   1.231     -0.043308
   1.234     -0.042592
   1.237     -0.041886
   1.239     -0.041190
   1.242     -0.040505
   1.245     -0.039831
   1.248     -0.039167
   1.250     -0.038512
   1.253     -0.037868
   1.256     -0.037233
   1.258     -0.036608
   1.261     -0.035992
   1.264     -0.035386
   1.267     -0.034788
   1.269     -0.034200
   1.272     -0.033621
   1.275     -0.033051
   1.277     -0.032489
   1.280     -0.031936
   1.283     -0.031392
   1.286     -0.030855
   1.288     -0.030327
   1.291     -0.029807
   1.294     -0.029295
   1.296     -0.028791
   1.299     -0.028295
   1.302     -0.027806
   1.304     -0.027325
   1.307     -0.026852
   1.310     -0.026385
   1.313     -0.025926
   1.315     -0.025474
   1.318     -0.025029
   1.321     -0.024591
   1.323     -0.024160
   1.326     -0.023736
   1.329     -0.023318
   1.332     -0.022907
   1.334     -0.022502
   1.337     -0.022103
   1.340     -0.021711
   1.342     -0.021325
   1.345     -0.020945
   1.348     -0.020571
   1.351     -0.020203
   1.353     -0.019841
   1.356     -0.019484
   1.359     -0.019134
   1.361     -0.018789
   1.364     -0.018449
   1.367     -0.018115
   1.370     -0.017786
   1.372     -0.017462
   1.375     -0.017144
   1.378     -0.016830
   1.380     -0.016522
   1.383     -0.016219
   1.386     -0.015920
   1.389     -0.015627
   1.391     -0.015338
   1.394     -0.015054
   1.397     -0.014774
   1.399     -0.014499
   1.402     -0.014229
   1.405     -0.013963
   1.408     -0.013701
   1.410     -0.013444
   1.413     -0.013191
   1.416     -0.012942
   1.418     -0.012697
   1.421     -0.012456
   1.424     -0.012219
   1.427     -0.011987
   1.429     -0.011758
   1.432     -0.011532
   1.435     -0.011311
   1.437     -0.011093
   1.440     -0.010879
   1.443     -0.010669
   1.446     -0.010462
   1.448     -0.010258
   1.451     -0.010058
   1.454     -0.009862
   1.456     -0.009669
   1.459     -0.009479
   1.462     -0.009292
   1.464     -0.009108
   1.467     -0.008928
   1.470     -0.008751
   1.473     -0.008577
   1.475     -0.008405
   1.478     -0.008237
   1.481     -0.008072
   1.483     -0.007909
   1.486     -0.007750
   1.489     -0.007593
   1.492     -0.007439
   1.494     -0.007287
   1.497     -0.007138
   1.500     -0.006992
   1.502     -0.006849
   1.505     -0.006708
   1.508     -0.006569
   1.511     -0.006433
   1.513     -0.006300
   1.516     -0.006168
   1.519     -0.006039
   1.521     -0.005913
   1.524     -0.005789
   1.527     -0.005667
   1.530     -0.005547
   1.532     -0.005429
   1.535     -0.005313
   1.538     -0.005200
   1.540     -0.005089
   1.543     -0.004979
   1.546     -0.004872
   1.549     -0.004767
   1.551     -0.004663
   1.554     -0.004562
   1.557     -0.004462
   1.559     -0.004365
   1.562     -0.004269
   1.565     -0.004175
   1.568     -0.004083
   1.570     -0.003992
   1.573     -0.003903
   1.576     -0.003816
   1.578     -0.003730
   1.581     -0.003647
   1.584     -0.003564
   1.587     -0.003484
   1.589     -0.003404
   1.592     -0.003327
   1.595     -0.003251
   1.597     -0.003176
   1.600     -0.003103
   1.603     -0.003031
   1.606     -0.002961
   1.608     -0.002892
   1.611     -0.002824
   1.614     -0.002758
   1.616     -0.002693
   1.619     -0.002630
   1.622     -0.002567
   1.625     -0.002506
   1.627     -0.002446
   1.630     -0.002388
   1.633     -0.002330
   1.635     -0.002274
   1.638     -0.002219
   1.641     -0.002165
   1.643     -0.002112
   1.646     -0.002060
   1.649     -0.002009
   1.652     -0.001959
   1.654     -0.001911
   1.657     -0.001863
   1.660     -0.001817
   1.662     -0.001771
   1.665     -0.001726
   1.668     -0.001682
   1.671     -0.001640
   1.673     -0.001598
   1.676     -0.001557
   1.679     -0.001517
   1.681     -0.001477
   1.684     -0.001439
   1.687     -0.001401
   1.690     -0.001365
   1.692     -0.001329
   1.695     -0.001294
   1.698     -0.001259
   1.700     -0.001226
   1.703     -0.001193
   1.706     -0.001161
   1.709     -0.001129
   1.711     -0.001099
   1.714     -0.001069
   1.717     -0.001039
   1.719     -0.001011
   1.722     -0.000983
   1.725     -0.000956
   1.728     -0.000929
   1.730     -0.000903
   1.733     -0.000877
   1.736     -0.000853
   1.738     -0.000828
   1.741     -0.000805
   1.744     -0.000781
   1.747     -0.000759
   1.749     -0.000737
   1.752     -0.000715
   1.755     -0.000694
   1.757     -0.000674
   1.760     -0.000654
   1.763     -0.000635
   1.766     -0.000616
   1.768     -0.000597
   1.771     -0.000579
   1.774     -0.000561
   1.776     -0.000544
   1.779     -0.000527
   1.782     -0.000511
   1.785     -0.000495
   1.787     -0.000480
   1.790     -0.000465
   1.793     -0.000450
   1.795     -0.000436
   1.798     -0.000422
   1.801     -0.000408
   1.804     -0.000395
   1.806     -0.000382
   1.809     -0.000370
   1.812     -0.000357
   1.814     -0.000346
   1.817     -0.000334
   1.820     -0.000323
   1.822     -0.000312
   1.825     -0.000301
   1.828     -0.000291
   1.831     -0.000281
   1.833     -0.000271
   1.836     -0.000262
   1.839     -0.000253
   1.841     -0.000244
   1.844     -0.000235
   1.847     -0.000227
   1.850     -0.000218
   1.852     -0.000211
   1.855     -0.000203
   1.858     -0.000195
   1.860     -0.000188
   1.863     -0.000181
   1.866     -0.000174
   1.869     -0.000168
   1.871     -0.000161
   1.874     -0.000155
   1.877     -0.000149
   1.879     -0.000143
   1.882     -0.000138
   1.885     -0.000132
   1.888     -0.000127
   1.890     -0.000122
   1.893     -0.000117
   1.896     -0.000112
   1.898     -0.000107
   1.901     -0.000103
   1.904     -0.000098
   1.907     -0.000094
   1.909     -0.000090
   1.912     -0.000086
   1.915     -0.000082
   1.917     -0.000079
   1.920     -0.000075
   1.923     -0.000072
   1.926     -0.000069
   1.928     -0.000065
   1.931     -0.000062
   1.934     -0.000059
   1.936     -0.000057
   1.939     -0.000054
   1.942     -0.000051
   1.945     -0.000049
   1.947     -0.000046
   1.950     -0.000044
   1.953     -0.000042
   1.955     -0.000040
   1.958     -0.000038
   1.961     -0.000036
   1.964     -0.000034
   1.966     -0.000032
   1.969     -0.000030
   1.972     -0.000028
   1.974     -0.000027
   1.977     -0.000025
   1.980     -0.000024
   1.982     -0.000023
   1.985     -0.000021
   1.988     -0.000020
   1.991     -0.000019
   1.993     -0.000018
   1.996     -0.000016
   1.999     -0.000015
   2.001     -0.000014
   2.004     -0.000013
   2.007     -0.000013
   2.010     -0.000012
   2.012     -0.000011
   2.015     -0.000010
   2.018     -0.000009
   2.020     -0.000009
   2.023     -0.000008
   2.026     -0.000008
   2.029     -0.000007
   2.031     -0.000006
   2.034     -0.000006
   2.037     -0.000005
   2.039     -0.000005
   2.042     -0.000005
   2.045     -0.000004
   2.048     -0.000004
   2.050     -0.000004
   2.053     -0.000003
   2.056     -0.000003
   2.058     -0.000003
   2.061     -0.000002
   2.064     -0.000002
   2.067     -0.000002
   2.069     -0.000002
   2.072     -0.000002
   2.075     -0.000001
   2.077     -0.000001
   2.080     -0.000001
   2.083     -0.000001
   2.086     -0.000001
   2.088     -0.000001
   2.091     -0.000001
   2.094     -0.000001
   2.096      0.000000
   2.099      0.000000
   2.102      0.000000
   2.105      0.000000
   2.107      0.000000
   2.110      0.000000
   2.113      0.000000
   2.115      0.000000
   2.118      0.000000
   2.121      0.000000
   2.124      0.000000
   2.126      0.000000
   2.129      0.000000
   2.132      0.000000
   2.134      0.000000
   2.137      0.000000
   2.140      0.000000
   2.143      0.000000
   2.145      0.000000
   2.148      0.000000
   2.151      0.000000
   2.153      0.000000
   2.156      0.000000
   2.159      0.000000
   2.161      0.000000
   2.164      0.000000
   2.167      0.000000
   2.170      0.000000
