   0.000      0.004850
   0.003      0.055690
   0.005      0.106530
   0.008      0.159092
   0.010      0.211869
   0.013      0.264684
   0.015      0.317490
   0.018      0.370266
   0.020      0.422998
   0.023      0.475677
   0.025      0.528294
   0.028      0.580840
   0.030      0.633308
   0.033      0.685690
   0.035      0.737979
   0.038      0.790167
   0.041      0.842246
   0.043      0.894208
   0.046      0.946047
   0.048      0.997755
   0.051      1.049323
   0.053      1.100744
   0.056      1.152010
   0.058      1.203114
   0.061      1.254047
   0.063      1.304802
   0.066      1.355370
   0.068      1.405745
   0.071      1.455916
   0.073      1.505878
   0.076      1.555620
   0.079      1.605136
   0.081      1.654417
   0.084      1.703454
   0.086      1.752240
   0.089      1.800765
   0.091      1.849022
   0.094      1.897002
   0.096      1.944696
   0.099      1.992097
   0.101      2.039195
   0.104      2.085982
   0.106      2.132449
   0.109      2.178588
   0.111      2.224390
   0.114      2.269847
   0.117      2.314950
   0.119      2.359689
   0.122      2.404058
   0.124      2.448046
   0.127      2.491646
   0.129      2.534849
   0.132      2.577646
   0.134      2.620028
   0.137      2.661988
   0.139      2.703517
   0.142      2.744607
   0.144      2.785249
   0.147      2.825435
   0.149      2.865157
   0.152      2.904407
   0.155      2.943177
   0.157      2.981459
   0.160      3.019245
   0.162      3.056528
   0.165      3.093301
   0.167      3.129556
   0.170      3.165285
   0.172      3.200483
   0.175      3.235141
   0.177      3.269254
   0.180      3.302815
   0.182      3.335817
   0.185      3.368255
   0.187      3.400123
   0.190      3.431415
   0.193      3.462126
   0.195      3.492251
   0.198      3.521785
   0.200      3.550722
   0.203      3.579060
   0.205      3.606794
   0.208      3.633920
   0.210      3.660435
   0.213      3.686336
   0.215      3.711619
   0.218      3.736283
   0.220      3.760325
   0.223      3.783744
   0.225      3.806538
   0.228      3.828705
   0.231      3.850246
   0.233      3.871160
   0.236      3.891446
   0.238      3.911105
   0.241      3.930139
   0.243      3.948547
   0.246      3.966332
   0.248      3.983495
   0.251      4.000039
   0.253      4.015966
   0.256      4.031279
   0.258      4.045981
   0.261      4.060077
   0.263      4.073570
   0.266      4.086466
   0.269      4.098768
   0.271      4.110482
   0.274      4.121613
   0.276      4.132169
   0.279      4.142154
   0.281      4.151576
   0.284      4.160441
   0.286      4.168756
   0.289      4.176530
   0.291      4.183770
   0.294      4.190484
   0.296      4.196681
   0.299      4.202369
   0.301      4.207558
   0.304      4.212256
   0.307      4.216472
   0.309      4.220217
   0.312      4.223500
   0.314      4.226332
   0.317      4.228721
   0.319      4.230679
   0.322      4.232216
   0.324      4.233343
   0.327      4.234069
   0.329      4.234406
   0.332      4.234365
   0.334      4.233955
   0.337      4.233189
   0.339      4.232077
   0.342      4.230629
   0.345      4.228856
   0.347      4.226770
   0.350      4.224381
   0.352      4.221699
   0.355      4.218735
   0.357      4.215500
   0.360      4.212003
   0.362      4.208255
   0.365      4.204267
   0.367      4.200047
   0.370      4.195606
   0.372      4.190953
   0.375      4.186097
   0.377      4.181048
   0.380      4.175814
   0.383      4.170405
   0.385      4.164828
   0.388      4.159093
   0.390      4.153206
   0.393      4.147176
   0.395      4.141009
   0.398      4.134715
   0.400      4.128298
   0.403      4.121767
   0.405      4.115127
   0.408      4.108384
   0.410      4.101545
   0.413      4.094615
   0.415      4.087599
   0.418      4.080503
   0.421      4.073331
   0.423      4.066088
   0.426      4.058779
   0.428      4.051406
   0.431      4.043975
   0.433      4.036489
   0.436      4.028950
   0.438      4.021363
   0.441      4.013730
   0.443      4.006054
   0.446      3.998337
   0.448      3.990581
   0.451      3.982789
   0.453      3.974963
   0.456      3.967104
   0.459      3.959215
   0.461      3.951295
   0.464      3.943348
   0.466      3.935373
   0.469      3.927372
   0.471      3.919346
   0.474      3.911296
   0.476      3.903222
   0.479      3.895125
   0.481      3.887006
   0.484      3.878865
   0.486      3.870702
   0.489      3.862518
   0.491      3.854312
   0.494      3.846086
   0.497      3.837840
   0.499      3.829573
   0.502      3.821285
   0.504      3.812978
   0.507      3.804650
   0.509      3.796302
   0.512      3.787934
   0.514      3.779546
   0.517      3.771138
   0.519      3.762710
   0.522      3.754263
   0.524      3.745795
   0.527      3.737308
   0.529      3.728801
   0.532      3.720275
   0.535      3.711729
   0.537      3.703163
   0.540      3.694579
   0.542      3.685975
   0.545      3.677353
   0.547      3.668712
   0.550      3.660052
   0.552      3.651374
   0.555      3.642679
   0.557      3.633965
   0.560      3.625234
   0.562      3.616486
   0.565      3.607722
   0.567      3.598940
   0.570      3.590143
   0.573      3.581330
   0.575      3.572502
   0.578      3.563659
   0.580      3.554802
   0.583      3.545930
   0.585      3.537045
   0.588      3.528147
   0.590      3.519236
   0.593      3.510313
   0.595      3.501378
   0.598      3.492432
   0.600      3.483475
   0.603      3.474508
   0.605      3.465531
   0.608      3.456545
   0.611      3.447550
   0.613      3.438547
   0.616      3.429536
   0.618      3.420518
   0.621      3.411493
   0.623      3.402462
   0.626      3.393425
   0.628      3.384383
   0.631      3.375336
   0.633      3.366285
   0.636      3.357229
   0.638      3.348171
   0.641      3.339110
   0.643      3.330046
   0.646      3.320981
   0.649      3.311914
   0.651      3.302846
   0.654      3.293777
   0.656      3.284709
   0.659      3.275640
   0.661      3.266573
   0.664      3.257507
   0.666      3.248442
   0.669      3.239379
   0.671      3.230319
   0.674      3.221262
   0.676      3.212208
   0.679      3.203158
   0.681      3.194112
   0.684      3.185070
   0.687      3.176033
   0.689      3.167001
   0.692      3.157975
   0.694      3.148955
   0.697      3.139940
   0.699      3.130933
   0.702      3.121932
   0.704      3.112939
   0.707      3.103953
   0.709      3.094975
   0.712      3.086005
   0.714      3.077044
   0.717      3.068091
   0.719      3.059148
   0.722      3.050214
   0.725      3.041289
   0.727      3.032375
   0.730      3.023471
   0.732      3.014578
   0.735      3.005695
   0.737      2.996823
   0.740      2.987963
   0.742      2.979114
   0.745      2.970276
   0.747      2.961451
   0.750      2.952639
   0.752      2.943838
   0.755      2.935051
   0.757      2.926276
   0.760      2.917514
   0.763      2.908766
   0.765      2.900032
   0.768      2.891311
   0.770      2.882604
   0.773      2.873912
   0.775      2.865233
   0.778      2.856570
   0.780      2.847921
   0.783      2.839287
   0.785      2.830668
   0.788      2.822064
   0.790      2.813476
   0.793      2.804904
   0.795      2.796347
   0.798      2.787806
   0.801      2.779282
   0.803      2.770773
   0.806      2.762281
   0.808      2.753805
   0.811      2.745346
   0.813      2.736904
   0.816      2.728479
   0.818      2.720071
   0.821      2.711680
   0.823      2.703307
   0.826      2.694951
   0.828      2.686612
   0.831      2.678291
   0.833      2.669988
   0.836      2.661703
   0.839      2.653436
   0.841      2.645187
   0.844      2.636956
   0.846      2.628743
   0.849      2.620549
   0.851      2.612374
   0.854      2.604217
   0.856      2.596078
   0.859      2.587959
   0.861      2.579858
   0.864      2.571776
   0.866      2.563714
   0.869      2.555670
   0.871      2.547645
   0.874      2.539640
   0.877      2.531654
   0.879      2.523687
   0.882      2.515740
   0.884      2.507812
   0.887      2.499904
   0.889      2.492016
   0.892      2.484147
   0.894      2.476298
   0.897      2.468468
   0.899      2.460659
   0.902      2.452869
   0.904      2.445099
   0.907      2.437349
   0.909      2.429619
   0.912      2.421910
   0.915      2.414220
   0.917      2.406550
   0.920      2.398901
   0.922      2.391272
   0.925      2.383663
   0.927      2.376074
   0.930      2.368505
   0.932      2.360957
   0.935      2.353429
   0.937      2.345922
   0.940      2.338434
   0.942      2.330968
   0.945      2.323521
   0.947      2.316095
   0.950      2.308690
   0.953      2.301305
   0.955      2.293941
   0.958      2.286597
   0.960      2.279273
   0.963      2.271970
   0.965      2.264688
   0.968      2.257426
   0.970      2.250184
   0.973      2.242963
   0.975      2.235763
   0.978      2.228583
   0.980      2.221424
   0.983      2.214285
   0.985      2.207167
   0.988      2.200070
   0.991      2.192993
   0.993      2.185936
   0.996      2.178900
   0.998      2.171885
   1.001      2.164890
   1.003      2.157915
   1.006      2.150962
   1.008      2.144028
   1.011      2.137115
   1.013      2.130223
   1.016      2.123351
   1.018      2.116499
   1.021      2.109668
   1.023      2.102857
   1.026      2.096067
   1.029      2.089297
   1.031      2.082547
   1.034      2.075818
   1.036      2.069109
   1.039      2.062420
   1.041      2.055752
   1.044      2.049104
   1.046      2.042476
   1.049      2.035868
   1.051      2.029280
   1.054      2.022713
   1.056      2.016166
   1.059      2.009639
   1.061      2.003132
   1.064      1.996645
   1.067      1.990178
   1.069      1.983731
   1.072      1.977304
   1.074      1.970896
   1.077      1.964509
   1.079      1.958142
   1.082      1.951795
   1.084      1.945467
   1.087      1.939159
   1.089      1.932871
   1.092      1.926602
   1.094      1.920354
   1.097      1.914125
   1.099      1.907915
   1.102      1.901725
   1.105      1.895555
   1.107      1.889404
   1.110      1.883273
   1.112      1.877161
   1.115      1.871068
   1.117      1.864995
   1.120      1.858941
   1.122      1.852906
   1.125      1.846891
   1.127      1.840895
   1.130      1.834918
   1.132      1.828960
   1.135      1.823021
   1.137      1.817101
   1.140      1.811200
   1.143      1.805318
   1.145      1.799455
   1.148      1.793611
   1.150      1.787786
   1.153      1.781979
   1.155      1.776192
   1.158      1.770423
   1.160      1.764672
   1.163      1.758940
   1.165      1.753227
   1.168      1.747533
   1.170      1.741856
   1.173      1.736199
   1.175      1.730559
   1.178      1.724938
   1.181      1.719335
   1.183      1.713751
   1.186      1.708184
   1.188      1.702636
   1.191      1.697106
   1.193      1.691594
   1.196      1.686100
   1.198      1.680624
   1.201      1.675166
   1.203      1.669726
   1.206      1.664304
   1.208      1.658899
   1.211      1.653512
   1.213      1.648143
   1.216      1.642791
   1.219      1.637458
   1.221      1.632141
   1.224      1.626842
   1.226      1.621561
   1.229      1.616297
   1.231      1.611050
   1.234      1.605821
   1.236      1.600609
   1.239      1.595414
   1.241      1.590236
   1.244      1.585075
   1.246      1.579932
   1.249      1.574805
   1.251      1.569696
   1.254      1.564603
   1.257      1.559527
   1.259      1.554468
   1.262      1.549426
   1.264      1.544400
   1.267      1.539392
   1.269      1.534399
   1.272      1.529424
   1.274      1.524464
   1.277      1.519522
   1.279      1.514596
   1.282      1.509686
   1.284      1.504792
   1.287      1.499915
   1.289      1.495054
   1.292      1.490209
   1.295      1.485380
   1.297      1.480567
   1.300      1.475771
   1.302      1.470990
   1.305      1.466225
   1.307      1.461477
   1.310      1.456744
   1.312      1.452026
   1.315      1.447325
   1.317      1.442639
   1.320      1.437969
   1.322      1.433314
   1.325      1.428675
   1.327      1.424051
   1.330      1.419443
   1.333      1.414850
   1.335      1.410273
   1.338      1.405711
   1.340      1.401164
   1.343      1.396632
   1.345      1.392115
   1.348      1.387614
   1.350      1.383127
   1.353      1.378656
   1.355      1.374199
   1.358      1.369758
   1.360      1.365331
   1.363      1.360919
   1.365      1.356522
   1.368      1.352139
   1.371      1.347771
   1.373      1.343418
   1.376      1.339079
   1.378      1.334755
   1.381      1.330445
   1.383      1.326150
   1.386      1.321869
   1.388      1.317602
   1.391      1.313350
   1.393      1.309112
   1.396      1.304888
   1.398      1.300678
   1.401      1.296482
   1.403      1.292300
   1.406      1.288133
   1.409      1.283979
   1.411      1.279839
   1.414      1.275713
   1.416      1.271600
   1.419      1.267502
   1.421      1.263417
   1.424      1.259346
   1.426      1.255288
   1.429      1.251244
   1.431      1.247214
   1.434      1.243197
   1.436      1.239193
   1.439      1.235203
   1.441      1.231226
   1.444      1.227262
   1.447      1.223312
   1.449      1.219375
   1.452      1.215451
   1.454      1.211540
   1.457      1.207642
   1.459      1.203757
   1.462      1.199885
   1.464      1.196026
   1.467      1.192180
   1.469      1.188347
   1.472      1.184526
   1.474      1.180719
   1.477      1.176923
   1.479      1.173141
   1.482      1.169371
   1.485      1.165614
   1.487      1.161869
   1.490      1.158137
   1.492      1.154418
   1.495      1.150710
   1.497      1.147015
   1.500      1.143332
   1.502      1.139662
   1.505      1.136004
   1.507      1.132358
   1.510      1.128724
   1.512      1.125102
   1.515      1.121492
   1.517      1.117894
   1.520      1.114308
   1.523      1.110735
   1.525      1.107172
   1.528      1.103622
   1.530      1.100084
   1.533      1.096557
   1.535      1.093042
   1.538      1.089539
   1.540      1.086047
   1.543      1.082567
   1.545      1.079099
   1.548      1.075642
   1.550      1.072196
   1.553      1.068762
   1.555      1.065339
   1.558      1.061928
   1.561      1.058528
   1.563      1.055139
   1.566      1.051761
   1.568      1.048394
   1.571      1.045039
   1.573      1.041695
   1.576      1.038362
   1.578      1.035039
   1.581      1.031728
   1.583      1.028428
   1.586      1.025139
   1.588      1.021860
   1.591      1.018592
   1.593      1.015335
   1.596      1.012089
   1.599      1.008854
   1.601      1.005629
   1.604      1.002415
   1.606      0.999211
   1.609      0.996018
   1.611      0.992836
   1.614      0.989664
   1.616      0.986502
   1.619      0.983351
   1.621      0.980210
   1.624      0.977079
   1.626      0.973959
   1.629      0.970849
   1.631      0.967749
   1.634      0.964660
   1.637      0.961580
   1.639      0.958511
   1.642      0.955452
   1.644      0.952402
   1.647      0.949363
   1.649      0.946334
   1.652      0.943314
   1.654      0.940305
   1.657      0.937305
   1.659      0.934315
   1.662      0.931335
   1.664      0.928365
   1.667      0.925404
   1.669      0.922453
   1.672      0.919512
   1.675      0.916580
   1.677      0.913658
   1.680      0.910745
   1.682      0.907842
   1.685      0.904948
   1.687      0.902064
   1.690      0.899189
   1.692      0.896324
   1.695      0.893467
   1.697      0.890620
   1.700      0.887783
   1.702      0.884954
   1.705      0.882135
   1.707      0.879325
   1.710      0.876524
   1.713      0.873732
   1.715      0.870949
   1.718      0.868176
   1.720      0.865411
   1.723      0.862655
   1.725      0.859908
   1.728      0.857170
   1.730      0.854441
   1.733      0.851721
   1.735      0.849009
   1.738      0.846306
   1.740      0.843612
   1.743      0.840927
   1.745      0.838250
   1.748      0.835582
   1.751      0.832923
   1.753      0.830272
   1.756      0.827630
   1.758      0.824996
   1.761      0.822371
   1.763      0.819754
   1.766      0.817145
   1.768      0.814545
   1.771      0.811954
   1.773      0.809370
   1.776      0.806795
   1.778      0.804228
   1.781      0.801670
   1.783      0.799119
   1.786      0.796577
   1.789      0.794043
   1.791      0.791517
   1.794      0.788999
   1.796      0.786490
   1.799      0.783988
   1.801      0.781494
   1.804      0.779008
   1.806      0.776531
   1.809      0.774061
   1.811      0.771599
   1.814      0.769144
   1.816      0.766698
   1.819      0.764260
   1.821      0.761829
   1.824      0.759406
   1.827      0.756990
   1.829      0.754583
   1.832      0.752183
   1.834      0.749790
   1.837      0.747406
   1.839      0.745029
   1.842      0.742659
   1.844      0.740297
   1.847      0.737942
   1.849      0.735595
   1.852      0.733255
   1.854      0.730923
   1.857      0.728598
   1.859      0.726281
   1.862      0.723970
   1.865      0.721667
   1.867      0.719372
   1.870      0.717083
   1.872      0.714802
   1.875      0.712528
   1.877      0.710262
   1.880      0.708002
   1.882      0.705749
   1.885      0.703504
   1.887      0.701266
   1.890      0.699034
   1.892      0.696810
   1.895      0.694593
   1.897      0.692382
   1.900      0.690179
   1.903      0.687983
   1.905      0.685793
   1.908      0.683610
   1.910      0.681434
   1.913      0.679265
   1.915      0.677103
   1.918      0.674948
   1.920      0.672799
   1.923      0.670657
   1.925      0.668522
   1.928      0.666393
   1.930      0.664271
   1.933      0.662156
   1.935      0.660047
   1.938      0.657945
   1.941      0.655849
   1.943      0.653760
   1.946      0.651677
   1.948      0.649601
   1.951      0.647531
   1.953      0.645468
   1.956      0.643411
   1.958      0.641361
   1.961      0.639317
   1.963      0.637279
   1.966      0.635248
   1.968      0.633223
   1.971      0.631204
   1.973      0.629191
   1.976      0.627185
   1.979      0.625185
   1.981      0.623191
   1.984      0.621203
   1.986      0.619221
   1.989      0.617246
   1.991      0.615276
   1.994      0.613313
   1.996      0.611356
   1.999      0.609404
   2.001      0.607459
   2.004      0.605520
   2.006      0.603587
   2.009      0.601659
   2.011      0.599738
   2.014      0.597822
   2.017      0.595913
   2.019      0.594009
   2.022      0.592111
   2.024      0.590219
   2.027      0.588332
   2.029      0.586452
   2.032      0.584577
   2.034      0.582708
   2.037      0.580845
   2.039      0.578987
   2.042      0.577135
   2.044      0.575289
   2.047      0.573448
   2.049      0.571613
   2.052      0.569784
   2.055      0.567960
   2.057      0.566141
   2.060      0.564329
   2.062      0.562521
   2.065      0.560719
   2.067      0.558923
   2.070      0.557132
   2.072      0.555347
   2.075      0.553567
   2.077      0.551792
   2.080      0.550023
   2.082      0.548259
   2.085      0.546501
   2.087      0.544747
   2.090      0.543000
   2.093      0.541257
   2.095      0.539520
   2.098      0.537788
   2.100      0.536061
   2.103      0.534339
   2.105      0.532623
   2.108      0.530911
   2.110      0.529205
   2.113      0.527504
   2.115      0.525808
   2.118      0.524118
   2.120      0.522432
   2.123      0.520751
   2.125      0.519076
   2.128      0.517405
   2.131      0.515740
   2.133      0.514079
   2.136      0.512424
   2.138      0.510773
   2.141      0.509127
   2.143      0.507487
   2.146      0.505851
   2.148      0.504220
   2.151      0.502594
   2.153      0.500973
   2.156      0.499356
   2.158      0.497745
   2.161      0.496138
   2.163      0.494536
   2.166      0.492939
   2.169      0.491346
   2.171      0.489759
   2.174      0.488176
   2.176      0.486597
   2.179      0.485024
   2.181      0.483455
   2.184      0.481891
   2.186      0.480331
   2.189      0.478776
   2.191      0.477226
   2.194      0.475680
   2.196      0.474139
   2.199      0.472602
   2.201      0.471070
   2.204      0.469542
   2.207      0.468019
   2.209      0.466501
   2.212      0.464986
   2.214      0.463477
   2.217      0.461972
   2.219      0.460471
   2.222      0.458974
   2.224      0.457483
   2.227      0.455995
   2.229      0.454512
   2.232      0.453033
   2.234      0.451558
   2.237      0.450088
   2.239      0.448622
   2.242      0.447161
   2.245      0.445704
   2.247      0.444251
   2.250      0.442802
   2.252      0.441357
   2.255      0.439917
   2.257      0.438481
   2.260      0.437049
   2.262      0.435621
   2.265      0.434198
   2.267      0.432778
   2.270      0.431363
   2.272      0.429952
   2.275      0.428545
   2.277      0.427142
   2.280      0.425743
   2.283      0.424348
   2.285      0.422957
   2.288      0.421570
   2.290      0.420188
   2.293      0.418809
   2.295      0.417434
   2.298      0.416064
   2.300      0.414697
   2.303      0.413334
   2.305      0.411975
   2.308      0.410620
   2.310      0.409269
   2.313      0.407922
   2.315      0.406579
   2.318      0.405239
   2.321      0.403904
   2.323      0.402572
   2.326      0.401244
   2.328      0.399920
   2.331      0.398600
   2.333      0.397283
   2.336      0.395971
   2.338      0.394662
   2.341      0.393357
   2.343      0.392055
   2.346      0.390758
   2.348      0.389464
   2.351      0.388173
   2.353      0.386887
   2.356      0.385604
   2.359      0.384325
   2.361      0.383049
   2.364      0.381777
   2.366      0.380509
   2.369      0.379244
   2.371      0.377983
   2.374      0.376725
   2.376      0.375471
   2.379      0.374221
   2.381      0.372974
   2.384      0.371731
   2.386      0.370491
   2.389      0.369255
   2.391      0.368022
   2.394      0.366793
   2.397      0.365567
   2.399      0.364345
   2.402      0.363126
   2.404      0.361911
   2.407      0.360699
   2.409      0.359490
   2.412      0.358285
   2.414      0.357084
   2.417      0.355885
   2.419      0.354690
   2.422      0.353499
   2.424      0.352310
   2.427      0.351126
   2.429      0.349944
   2.432      0.348766
   2.435      0.347591
   2.437      0.346419
   2.440      0.345251
   2.442      0.344086
   2.445      0.342924
   2.447      0.341765
   2.450      0.340610
   2.452      0.339458
   2.455      0.338309
   2.457      0.337163
   2.460      0.336021
   2.462      0.334882
   2.465      0.333745
   2.467      0.332612
   2.470      0.331483
   2.473      0.330356
   2.475      0.329232
   2.478      0.328112
   2.480      0.326995
   2.483      0.325881
   2.485      0.324769
   2.488      0.323661
   2.490      0.322557
   2.493      0.321455
   2.495      0.320356
   2.498      0.319260
   2.500      0.318167
   2.503      0.317077
   2.505      0.315991
   2.508      0.314907
   2.511      0.313826
   2.513      0.312748
   2.516      0.311674
   2.518      0.310602
   2.521      0.309533
   2.523      0.308467
   2.526      0.307404
   2.528      0.306344
   2.531      0.305287
   2.533      0.304232
   2.536      0.303181
   2.538      0.302132
   2.541      0.301087
   2.543      0.300044
   2.546      0.299004
   2.549      0.297967
   2.551      0.296932
   2.554      0.295901
   2.556      0.294872
   2.559      0.293846
   2.561      0.292823
   2.564      0.291803
   2.566      0.290786
   2.569      0.289771
   2.571      0.288759
   2.574      0.287750
   2.576      0.286743
   2.579      0.285739
   2.581      0.284738
   2.584      0.283740
   2.587      0.282744
   2.589      0.281751
   2.592      0.280761
   2.594      0.279774
   2.597      0.278789
   2.599      0.277806
   2.602      0.276827
   2.604      0.275850
   2.607      0.274876
   2.609      0.273904
   2.612      0.272935
   2.614      0.271968
   2.617      0.271004
   2.619      0.270043
   2.622      0.269084
   2.625      0.268128
   2.627      0.267174
   2.630      0.266223
   2.632      0.265275
   2.635      0.264329
   2.637      0.263385
   2.640      0.262445
   2.642      0.261506
   2.645      0.260570
   2.647      0.259637
   2.650      0.258706
   2.652      0.257777
   2.655      0.256851
   2.657      0.255928
   2.660      0.255007
   2.663      0.254088
   2.665      0.253172
   2.668      0.252258
   2.670      0.251347
   2.673      0.250438
   2.675      0.249531
   2.678      0.248627
   2.680      0.247725
   2.683      0.246826
   2.685      0.245929
   2.688      0.245034
   2.690      0.244142
   2.693      0.243252
   2.695      0.242365
   2.698      0.241479
   2.701      0.240596
   2.703      0.239716
   2.706      0.238838
   2.708      0.237962
   2.711      0.237088
   2.713      0.236216
   2.716      0.235347
   2.718      0.234480
   2.721      0.233616
   2.723      0.232754
   2.726      0.231893
   2.728      0.231036
   2.731      0.230180
   2.733      0.229327
   2.736      0.228475
   2.739      0.227626
   2.741      0.226780
   2.744      0.225935
   2.746      0.225093
   2.749      0.224253
   2.751      0.223415
   2.754      0.222579
   2.756      0.221745
   2.759      0.220914
   2.761      0.220084
   2.764      0.219257
   2.766      0.218432
   2.769      0.217609
   2.771      0.216788
   2.774      0.215969
   2.777      0.215153
   2.779      0.214338
   2.782      0.213526
   2.784      0.212716
   2.787      0.211907
   2.789      0.211101
   2.792      0.210297
   2.794      0.209495
   2.797      0.208695
   2.799      0.207897
   2.802      0.207101
   2.804      0.206307
   2.807      0.205515
   2.809      0.204725
   2.812      0.203937
   2.815      0.203152
   2.817      0.202368
   2.820      0.201586
   2.822      0.200806
   2.825      0.200028
   2.827      0.199252
   2.830      0.198478
   2.832      0.197706
   2.835      0.196936
   2.837      0.196168
   2.840      0.195402
   2.842      0.194637
   2.845      0.193875
   2.847      0.193115
   2.850      0.192356
   2.853      0.191600
   2.855      0.190845
   2.858      0.190092
   2.860      0.189341
   2.863      0.188592
   2.865      0.187845
   2.868      0.187100
   2.870      0.186356
   2.873      0.185615
   2.875      0.184875
   2.878      0.184137
   2.880      0.183401
   2.883      0.182667
   2.885      0.181935
   2.888      0.181204
   2.891      0.180476
   2.893      0.179749
   2.896      0.179024
   2.898      0.178300
   2.901      0.177579
   2.903      0.176859
   2.906      0.176141
   2.908      0.175425
   2.911      0.174710
   2.913      0.173998
   2.916      0.173287
   2.918      0.172578
   2.921      0.171870
   2.923      0.171165
   2.926      0.170461
   2.929      0.169759
   2.931      0.169058
   2.934      0.168359
   2.936      0.167662
   2.939      0.166967
   2.941      0.166273
   2.944      0.165581
   2.946      0.164891
   2.949      0.164202
   2.951      0.163515
   2.954      0.162830
   2.956      0.162147
   2.959      0.161465
   2.961      0.160784
   2.964      0.160106
   2.967      0.159429
   2.969      0.158754
   2.972      0.158080
   2.974      0.157408
   2.977      0.156737
   2.979      0.156069
   2.982      0.155401
   2.984      0.154736
   2.987      0.154072
   2.989      0.153409
   2.992      0.152748
   2.994      0.152089
   2.997      0.151431
   2.999      0.150775
   3.002      0.150121
   3.005      0.149468
   3.007      0.148817
   3.010      0.148167
   3.012      0.147518
   3.015      0.146872
   3.017      0.146226
   3.020      0.145583
   3.022      0.144941
   3.025      0.144300
   3.027      0.143661
   3.030      0.143023
   3.032      0.142387
   3.035      0.141753
   3.037      0.141119
   3.040      0.140488
   3.043      0.139858
   3.045      0.139229
   3.048      0.138602
   3.050      0.137976
   3.053      0.137352
   3.055      0.136729
   3.058      0.136108
   3.060      0.135488
   3.063      0.134870
   3.065      0.134253
   3.068      0.133637
   3.070      0.133023
   3.073      0.132411
   3.075      0.131799
   3.078      0.131190
   3.081      0.130581
   3.083      0.129974
   3.086      0.129369
   3.088      0.128765
   3.091      0.128162
   3.093      0.127560
   3.096      0.126960
   3.098      0.126362
   3.101      0.125765
   3.103      0.125169
   3.106      0.124574
   3.108      0.123981
   3.111      0.123389
   3.113      0.122799
   3.116      0.122210
   3.119      0.121622
   3.121      0.121036
   3.124      0.120451
   3.126      0.119867
   3.129      0.119285
   3.131      0.118704
   3.134      0.118124
   3.136      0.117545
   3.139      0.116968
   3.141      0.116393
   3.144      0.115818
   3.146      0.115245
   3.149      0.114673
   3.151      0.114102
   3.154      0.113533
   3.157      0.112965
   3.159      0.112398
   3.162      0.111833
   3.164      0.111268
   3.167      0.110705
   3.169      0.110144
   3.172      0.109583
   3.174      0.109024
   3.177      0.108466
   3.179      0.107909
   3.182      0.107354
   3.184      0.106800
   3.187      0.106247
   3.189      0.105695
   3.192      0.105144
   3.195      0.104595
   3.197      0.104047
   3.200      0.103500
   3.202      0.102954
   3.205      0.102409
   3.207      0.101866
   3.210      0.101324
   3.212      0.100783
   3.215      0.100243
   3.217      0.099704
   3.220      0.099167
   3.222      0.098631
   3.225      0.098096
   3.227      0.097562
   3.230      0.097029
   3.233      0.096497
   3.235      0.095967
   3.238      0.095437
   3.240      0.094909
   3.243      0.094382
   3.245      0.093856
   3.248      0.093332
   3.250      0.092808
   3.253      0.092285
   3.255      0.091764
   3.258      0.091244
   3.260      0.090725
   3.263      0.090206
   3.265      0.089690
   3.268      0.089174
   3.271      0.088659
   3.273      0.088145
   3.276      0.087633
   3.278      0.087121
   3.281      0.086611
   3.283      0.086101
   3.286      0.085593
   3.288      0.085086
   3.291      0.084580
   3.293      0.084075
   3.296      0.083571
   3.298      0.083068
   3.301      0.082566
   3.303      0.082065
   3.306      0.081565
   3.309      0.081067
   3.311      0.080569
   3.314      0.080072
   3.316      0.079576
   3.319      0.079082
   3.321      0.078588
   3.324      0.078096
   3.326      0.077604
   3.329      0.077114
   3.331      0.076624
   3.334      0.076135
   3.336      0.075648
   3.339      0.075161
   3.341      0.074676
   3.344      0.074191
   3.347      0.073708
   3.349      0.073225
   3.352      0.072743
   3.354      0.072263
   3.357      0.071783
   3.359      0.071304
   3.362      0.070827
   3.364      0.070350
   3.367      0.069874
   3.369      0.069399
   3.372      0.068925
   3.374      0.068453
   3.377      0.067981
   3.379      0.067509
   3.382      0.067039
   3.385      0.066570
   3.387      0.066102
   3.390      0.065635
   3.392      0.065168
   3.395      0.064703
   3.397      0.064238
   3.400      0.063775
   3.402      0.063312
   3.405      0.062850
   3.407      0.062389
   3.410      0.061929
   3.412      0.061470
   3.415      0.061012
   3.417      0.060554
   3.420      0.060098
   3.423      0.059642
   3.425      0.059188
   3.428      0.058734
   3.430      0.058281
   3.433      0.057829
   3.435      0.057378
   3.438      0.056928
   3.440      0.056478
   3.443      0.056030
   3.445      0.055582
   3.448      0.055135
   3.450      0.054689
   3.453      0.054244
   3.455      0.053800
   3.458      0.053356
   3.461      0.052913
   3.463      0.052472
   3.466      0.052031
   3.468      0.051591
   3.471      0.051151
   3.473      0.050713
   3.476      0.050275
   3.478      0.049838
   3.481      0.049402
   3.483      0.048967
   3.486      0.048533
   3.488      0.048099
   3.491      0.047666
   3.493      0.047234
   3.496      0.046803
   3.499      0.046372
   3.501      0.045943
   3.504      0.045514
   3.506      0.045086
   3.509      0.044659
   3.511      0.044232
   3.514      0.043806
   3.516      0.043381
   3.519      0.042957
   3.521      0.042534
   3.524      0.042111
   3.526      0.041689
   3.529      0.041268
   3.531      0.040848
   3.534      0.040428
   3.537      0.040009
   3.539      0.039591
   3.542      0.039173
   3.544      0.038757
   3.547      0.038341
   3.549      0.037926
   3.552      0.037511
   3.554      0.037097
   3.557      0.036684
   3.559      0.036272
   3.562      0.035861
   3.564      0.035450
   3.567      0.035039
   3.569      0.034630
   3.572      0.034221
   3.575      0.033813
   3.577      0.033406
   3.580      0.032999
   3.582      0.032593
   3.585      0.032188
   3.587      0.031784
   3.590      0.031380
   3.592      0.030977
   3.595      0.030574
   3.597      0.030172
   3.600      0.029771
   3.602      0.029371
   3.605      0.028971
   3.607      0.028572
   3.610      0.028174
   3.613      0.027776
   3.615      0.027379
   3.618      0.026982
   3.620      0.026586
   3.623      0.026191
   3.625      0.025797
   3.628      0.025403
   3.630      0.025010
   3.633      0.024617
   3.635      0.024225
   3.638      0.023834
   3.640      0.023443
   3.643      0.023053
   3.645      0.022664
   3.648      0.022275
   3.651      0.021887
   3.653      0.021500
   3.656      0.021113
   3.658      0.020726
   3.661      0.020341
   3.663      0.019956
   3.666      0.019571
   3.668      0.019187
   3.671      0.018804
   3.673      0.018422
   3.676      0.018040
   3.678      0.017658
   3.681      0.017277
   3.683      0.016897
   3.686      0.016517
   3.689      0.016138
   3.691      0.015760
   3.694      0.015382
   3.696      0.015005
   3.699      0.014628
   3.701      0.014252
   3.704      0.013876
   3.706      0.013501
   3.709      0.013126
   3.711      0.012753
   3.714      0.012379
   3.716      0.012006
   3.719      0.011634
   3.721      0.011262
   3.724      0.010891
   3.727      0.010521
   3.729      0.010151
   3.732      0.009781
   3.734      0.009412
   3.737      0.009044
   3.739      0.008676
   3.742      0.008308
   3.744      0.007942
   3.747      0.007575
   3.749      0.007209
   3.752      0.006844
   3.754      0.006479
   3.757      0.006115
   3.759      0.005751
   3.762      0.005388
   3.765      0.005026
   3.767      0.004663
   3.770      0.004302
   3.772      0.003941
   3.775      0.003580
   3.777      0.003220
   3.780      0.002860
   3.782      0.002501
   3.785      0.002142
   3.787      0.001784
   3.790      0.001426
   3.792      0.001069
   3.795      0.000712
   3.797      0.000356
   3.800      0.000000
