   0.000      1.510329
   0.003      1.510325
   0.006      1.510315
   0.009      1.510297
   0.012      1.510272
   0.015      1.510240
   0.018      1.510201
   0.021      1.510155
   0.024      1.510102
   0.026      1.510042
   0.029      1.509975
   0.032      1.509901
   0.035      1.509819
   0.038      1.509730
   0.041      1.509634
   0.044      1.509531
   0.047      1.509421
   0.050      1.509303
   0.053      1.509178
   0.056      1.509046
   0.059      1.508907
   0.062      1.508760
   0.065      1.508606
   0.068      1.508444
   0.071      1.508275
   0.074      1.508099
   0.077      1.507915
   0.079      1.507723
   0.082      1.507524
   0.085      1.507317
   0.088      1.507103
   0.091      1.506880
   0.094      1.506651
   0.097      1.506413
   0.100      1.506167
   0.103      1.505914
   0.106      1.505652
   0.109      1.505383
   0.112      1.505105
   0.115      1.504820
   0.118      1.504526
   0.121      1.504224
   0.124      1.503913
   0.127      1.503595
   0.130      1.503267
   0.132      1.502932
   0.135      1.502588
   0.138      1.502235
   0.141      1.501873
   0.144      1.501503
   0.147      1.501123
   0.150      1.500735
   0.153      1.500338
   0.156      1.499932
   0.159      1.499516
   0.162      1.499092
   0.165      1.498658
   0.168      1.498214
   0.171      1.497761
   0.174      1.497299
   0.177      1.496826
   0.180      1.496344
   0.182      1.495852
   0.185      1.495350
   0.188      1.494838
   0.191      1.494316
   0.194      1.493783
   0.197      1.493241
   0.200      1.492687
   0.203      1.492123
   0.206      1.491549
   0.209      1.490963
   0.212      1.490367
   0.215      1.489759
   0.218      1.489141
   0.221      1.488511
   0.224      1.487870
   0.227      1.487217
   0.230      1.486553
   0.233      1.485877
   0.235      1.485190
   0.238      1.484490
   0.241      1.483779
   0.244      1.483055
   0.247      1.482319
   0.250      1.481570
   0.253      1.480809
   0.256      1.480036
   0.259      1.479249
   0.262      1.478450
   0.265      1.477638
   0.268      1.476812
   0.271      1.475974
   0.274      1.475122
   0.277      1.474257
   0.280      1.473378
   0.283      1.472485
   0.286      1.471578
   0.288      1.470658
   0.291      1.469723
   0.294      1.468775
   0.297      1.467812
   0.300      1.466834
   0.303      1.465842
   0.306      1.464836
   0.309      1.463814
   0.312      1.462778
   0.315      1.461727
   0.318      1.460661
   0.321      1.459580
   0.324      1.458483
   0.327      1.457372
   0.330      1.456244
   0.333      1.455102
   0.336      1.453943
   0.339      1.452769
   0.341      1.451579
   0.344      1.450373
   0.347      1.449152
   0.350      1.447914
   0.353      1.446660
   0.356      1.445390
   0.359      1.444104
   0.362      1.442802
   0.365      1.441483
   0.368      1.440148
   0.371      1.438797
   0.374      1.437429
   0.377      1.436044
   0.380      1.434643
   0.383      1.433225
   0.386      1.431791
   0.389      1.430341
   0.391      1.428873
   0.394      1.427389
   0.397      1.425888
   0.400      1.424371
   0.403      1.422837
   0.406      1.421286
   0.409      1.419719
   0.412      1.418135
   0.415      1.416535
   0.418      1.414918
   0.421      1.413284
   0.424      1.411634
   0.427      1.409967
   0.430      1.408285
   0.433      1.406585
   0.436      1.404870
   0.439      1.403138
   0.442      1.401390
   0.444      1.399626
   0.447      1.397847
   0.450      1.396051
   0.453      1.394239
   0.456      1.392412
   0.459      1.390569
   0.462      1.388710
   0.465      1.386836
   0.468      1.384947
   0.471      1.383043
   0.474      1.381123
   0.477      1.379189
   0.480      1.377239
   0.483      1.375275
   0.486      1.373297
   0.489      1.371304
   0.492      1.369297
   0.495      1.367276
   0.497      1.365241
   0.500      1.363192
   0.503      1.361129
   0.506      1.359053
   0.509      1.356964
   0.512      1.354861
   0.515      1.352746
   0.518      1.350617
   0.521      1.348477
   0.524      1.346323
   0.527      1.344158
   0.530      1.341980
   0.533      1.339790
   0.536      1.337589
   0.539      1.335376
   0.542      1.333152
   0.545      1.330917
   0.547      1.328671
   0.550      1.326414
   0.553      1.324146
   0.556      1.321869
   0.559      1.319581
   0.562      1.317283
   0.565      1.314975
   0.568      1.312658
   0.571      1.310331
   0.574      1.307995
   0.577      1.305651
   0.580      1.303297
   0.583      1.300935
   0.586      1.298565
   0.589      1.296186
   0.592      1.293799
   0.595      1.291405
   0.598      1.289003
   0.600      1.286594
   0.603      1.284178
   0.606      1.281754
   0.609      1.279324
   0.612      1.276887
   0.615      1.274444
   0.618      1.271995
   0.621      1.269539
   0.624      1.267078
   0.627      1.264611
   0.630      1.262139
   0.633      1.259662
   0.636      1.257179
   0.639      1.254692
   0.642      1.252200
   0.645      1.249703
   0.648      1.247202
   0.651      1.244697
   0.653      1.242188
   0.656      1.239675
   0.659      1.237159
   0.662      1.234639
   0.665      1.232116
   0.668      1.229589
   0.671      1.227060
   0.674      1.224528
   0.677      1.221993
   0.680      1.219456
   0.683      1.216917
   0.686      1.214376
   0.689      1.211832
   0.692      1.209287
   0.695      1.206740
   0.698      1.204191
   0.701      1.201641
   0.704      1.199090
   0.706      1.196538
   0.709      1.193985
   0.712      1.191431
   0.715      1.188877
   0.718      1.186322
   0.721      1.183767
   0.724      1.181211
   0.727      1.178656
   0.730      1.176100
   0.733      1.173545
   0.736      1.170989
   0.739      1.168435
   0.742      1.165881
   0.745      1.163327
   0.748      1.160774
   0.751      1.158223
   0.754      1.155672
   0.756      1.153122
   0.759      1.150574
   0.762      1.148027
   0.765      1.145481
   0.768      1.142937
   0.771      1.140395
   0.774      1.137855
   0.777      1.135316
   0.780      1.132780
   0.783      1.130245
   0.786      1.127713
   0.789      1.125183
   0.792      1.122656
   0.795      1.120131
   0.798      1.117608
   0.801      1.115089
   0.804      1.112572
   0.807      1.110057
   0.809      1.107546
   0.812      1.105038
   0.815      1.102533
   0.818      1.100031
   0.821      1.097533
   0.824      1.095037
   0.827      1.092545
   0.830      1.090057
   0.833      1.087572
   0.836      1.085091
   0.839      1.082614
   0.842      1.080140
   0.845      1.077670
   0.848      1.075205
   0.851      1.072743
   0.854      1.070285
   0.857      1.067831
   0.860      1.065382
   0.862      1.062937
   0.865      1.060496
   0.868      1.058059
   0.871      1.055627
   0.874      1.053199
   0.877      1.050776
   0.880      1.048357
   0.883      1.045943
   0.886      1.043534
   0.889      1.041129
   0.892      1.038730
   0.895      1.036335
   0.898      1.033945
   0.901      1.031559
   0.904      1.029179
   0.907      1.026804
   0.910      1.024434
   0.912      1.022069
   0.915      1.019709
   0.918      1.017354
   0.921      1.015005
   0.924      1.012660
   0.927      1.010321
   0.930      1.007987
   0.933      1.005659
   0.936      1.003336
   0.939      1.001019
   0.942      0.998706
   0.945      0.996400
   0.948      0.994099
   0.951      0.991803
   0.954      0.989513
   0.957      0.987229
   0.960      0.984950
   0.963      0.982677
   0.965      0.980409
   0.968      0.978147
   0.971      0.975891
   0.974      0.973641
   0.977      0.971396
   0.980      0.969157
   0.983      0.966924
   0.986      0.964697
   0.989      0.962476
   0.992      0.960260
   0.995      0.958051
   0.998      0.955847
   1.001      0.953649
   1.004      0.951457
   1.007      0.949271
   1.010      0.947091
   1.013      0.944917
   1.016      0.942749
   1.018      0.940587
   1.021      0.938430
   1.024      0.936280
   1.027      0.934136
   1.030      0.931998
   1.033      0.929866
   1.036      0.927740
   1.039      0.925620
   1.042      0.923506
   1.045      0.921398
   1.048      0.919297
   1.051      0.917201
   1.054      0.915111
   1.057      0.913028
   1.060      0.910950
   1.063      0.908879
   1.066      0.906814
   1.069      0.904755
   1.071      0.902702
   1.074      0.900655
   1.077      0.898614
   1.080      0.896579
   1.083      0.894551
   1.086      0.892528
   1.089      0.890512
   1.092      0.888502
   1.095      0.886498
   1.098      0.884500
   1.101      0.882508
   1.104      0.880522
   1.107      0.878542
   1.110      0.876569
   1.113      0.874601
   1.116      0.872640
   1.119      0.870684
   1.121      0.868735
   1.124      0.866792
   1.127      0.864855
   1.130      0.862924
   1.133      0.860999
   1.136      0.859080
   1.139      0.857167
   1.142      0.855260
   1.145      0.853360
   1.148      0.851465
   1.151      0.849576
   1.154      0.847693
   1.157      0.845817
   1.160      0.843946
   1.163      0.842081
   1.166      0.840223
   1.169      0.838370
   1.172      0.836523
   1.174      0.834682
   1.177      0.832848
   1.180      0.831019
   1.183      0.829196
   1.186      0.827379
   1.189      0.825568
   1.192      0.823762
   1.195      0.821963
   1.198      0.820170
   1.201      0.818382
   1.204      0.816600
   1.207      0.814824
   1.210      0.813054
   1.213      0.811290
   1.216      0.809532
   1.219      0.807779
   1.222      0.806032
   1.225      0.804291
   1.227      0.802556
   1.230      0.800826
   1.233      0.799102
   1.236      0.797384
   1.239      0.795672
   1.242      0.793965
   1.245      0.792264
   1.248      0.790569
   1.251      0.788879
   1.254      0.787195
   1.257      0.785516
   1.260      0.783844
   1.263      0.782176
   1.266      0.780515
   1.269      0.778859
   1.272      0.777208
   1.275      0.775563
   1.277      0.773924
   1.280      0.772290
   1.283      0.770661
   1.286      0.769039
   1.289      0.767421
   1.292      0.765809
   1.295      0.764202
   1.298      0.762601
   1.301      0.761006
   1.304      0.759415
   1.307      0.757830
   1.310      0.756251
   1.313      0.754676
   1.316      0.753107
   1.319      0.751544
   1.322      0.749985
   1.325      0.748432
   1.328      0.746885
   1.330      0.745342
   1.333      0.743805
   1.336      0.742273
   1.339      0.740746
   1.342      0.739224
   1.345      0.737708
   1.348      0.736196
   1.351      0.734690
   1.354      0.733189
   1.357      0.731693
   1.360      0.730202
   1.363      0.728716
   1.366      0.727235
   1.369      0.725760
   1.372      0.724289
   1.375      0.722823
   1.378      0.721363
   1.381      0.719907
   1.383      0.718456
   1.386      0.717010
   1.389      0.715569
   1.392      0.714134
   1.395      0.712702
   1.398      0.711276
   1.401      0.709855
   1.404      0.708438
   1.407      0.707027
   1.410      0.705620
   1.413      0.704218
   1.416      0.702821
   1.419      0.701428
   1.422      0.700040
   1.425      0.698657
   1.428      0.697279
   1.431      0.695905
   1.434      0.694536
   1.436      0.693172
   1.439      0.691812
   1.442      0.690457
   1.445      0.689107
   1.448      0.687761
   1.451      0.686420
   1.454      0.685083
   1.457      0.683751
   1.460      0.682423
   1.463      0.681100
   1.466      0.679782
   1.469      0.678468
   1.472      0.677158
   1.475      0.675853
   1.478      0.674552
   1.481      0.673256
   1.484      0.671964
   1.486      0.670676
   1.489      0.669393
   1.492      0.668114
   1.495      0.666840
   1.498      0.665570
   1.501      0.664304
   1.504      0.663042
   1.507      0.661785
   1.510      0.660532
   1.513      0.659283
   1.516      0.658038
   1.519      0.656798
   1.522      0.655562
   1.525      0.654330
   1.528      0.653102
   1.531      0.651878
   1.534      0.650659
   1.537      0.649443
   1.539      0.648232
   1.542      0.647024
   1.545      0.645821
   1.548      0.644622
   1.551      0.643427
   1.554      0.642236
   1.557      0.641049
   1.560      0.639865
   1.563      0.638686
   1.566      0.637511
   1.569      0.636340
   1.572      0.635172
   1.575      0.634009
   1.578      0.632849
   1.581      0.631694
   1.584      0.630542
   1.587      0.629394
   1.590      0.628250
   1.592      0.627109
   1.595      0.625973
   1.598      0.624840
   1.601      0.623711
   1.604      0.622586
   1.607      0.621465
   1.610      0.620347
   1.613      0.619233
   1.616      0.618123
   1.619      0.617016
   1.622      0.615913
   1.625      0.614814
   1.628      0.613718
   1.631      0.612626
   1.634      0.611538
   1.637      0.610453
   1.640      0.609372
   1.642      0.608294
   1.645      0.607220
   1.648      0.606149
   1.651      0.605082
   1.654      0.604019
   1.657      0.602959
   1.660      0.601902
   1.663      0.600849
   1.666      0.599800
   1.669      0.598753
   1.672      0.597711
   1.675      0.596671
   1.678      0.595635
   1.681      0.594603
   1.684      0.593574
   1.687      0.592548
   1.690      0.591526
   1.693      0.590506
   1.695      0.589491
   1.698      0.588478
   1.701      0.587469
   1.704      0.586463
   1.707      0.585460
   1.710      0.584461
   1.713      0.583465
   1.716      0.582472
   1.719      0.581482
   1.722      0.580495
   1.725      0.579512
   1.728      0.578532
   1.731      0.577555
   1.734      0.576581
   1.737      0.575610
   1.740      0.574643
   1.743      0.573678
   1.746      0.572717
   1.748      0.571758
   1.751      0.570803
   1.754      0.569851
   1.757      0.568902
   1.760      0.567956
   1.763      0.567012
   1.766      0.566072
   1.769      0.565135
   1.772      0.564201
   1.775      0.563270
   1.778      0.562342
   1.781      0.561417
   1.784      0.560494
   1.787      0.559575
   1.790      0.558658
   1.793      0.557745
   1.796      0.556834
   1.799      0.555926
   1.801      0.555021
   1.804      0.554119
   1.807      0.553220
   1.810      0.552324
   1.813      0.551430
   1.816      0.550539
   1.819      0.549651
   1.822      0.548766
   1.825      0.547883
   1.828      0.547004
   1.831      0.546127
   1.834      0.545253
   1.837      0.544381
   1.840      0.543512
   1.843      0.542646
   1.846      0.541783
   1.849      0.540922
   1.851      0.540064
   1.854      0.539209
   1.857      0.538356
   1.860      0.537506
   1.863      0.536658
   1.866      0.535813
   1.869      0.534971
   1.872      0.534131
   1.875      0.533294
   1.878      0.532460
   1.881      0.531628
   1.884      0.530798
   1.887      0.529972
   1.890      0.529147
   1.893      0.528325
   1.896      0.527506
   1.899      0.526689
   1.902      0.525875
   1.904      0.525063
   1.907      0.524254
   1.910      0.523447
   1.913      0.522642
   1.916      0.521840
   1.919      0.521041
   1.922      0.520243
   1.925      0.519449
   1.928      0.518656
   1.931      0.517866
   1.934      0.517078
   1.937      0.516293
   1.940      0.515510
   1.943      0.514730
   1.946      0.513951
   1.949      0.513175
   1.952      0.512402
   1.955      0.511631
   1.957      0.510862
   1.960      0.510095
   1.963      0.509330
   1.966      0.508568
   1.969      0.507808
   1.972      0.507051
   1.975      0.506295
   1.978      0.505542
   1.981      0.504791
   1.984      0.504042
   1.987      0.503296
   1.990      0.502552
   1.993      0.501809
   1.996      0.501070
   1.999      0.500332
   2.002      0.499596
   2.005      0.498863
   2.007      0.498131
   2.010      0.497402
   2.013      0.496675
   2.016      0.495950
   2.019      0.495227
   2.022      0.494506
   2.025      0.493788
   2.028      0.493071
   2.031      0.492356
   2.034      0.491644
   2.037      0.490934
   2.040      0.490225
   2.043      0.489519
   2.046      0.488814
   2.049      0.488112
   2.052      0.487412
   2.055      0.486714
   2.058      0.486017
   2.060      0.485323
   2.063      0.484631
   2.066      0.483940
   2.069      0.483252
   2.072      0.482566
   2.075      0.481881
   2.078      0.481199
   2.081      0.480518
   2.084      0.479839
   2.087      0.479162
   2.090      0.478488
   2.093      0.477815
   2.096      0.477144
   2.099      0.476474
   2.102      0.475807
   2.105      0.475142
   2.108      0.474478
   2.111      0.473816
   2.113      0.473156
   2.116      0.472498
   2.119      0.471842
   2.122      0.471187
   2.125      0.470535
   2.128      0.469884
   2.131      0.469235
   2.134      0.468588
   2.137      0.467942
   2.140      0.467299
   2.143      0.466657
   2.146      0.466017
   2.149      0.465378
   2.152      0.464742
   2.155      0.464107
   2.158      0.463474
   2.161      0.462842
   2.164      0.462212
   2.166      0.461584
   2.169      0.460958
   2.172      0.460334
   2.175      0.459711
   2.178      0.459089
   2.181      0.458470
   2.184      0.457852
   2.187      0.457236
   2.190      0.456621
   2.193      0.456008
   2.196      0.455397
   2.199      0.454787
   2.202      0.454179
   2.205      0.453573
   2.208      0.452968
   2.211      0.452365
   2.214      0.451764
   2.216      0.451164
   2.219      0.450565
   2.222      0.449968
   2.225      0.449373
   2.228      0.448780
   2.231      0.448188
   2.234      0.447597
   2.237      0.447008
   2.240      0.446421
   2.243      0.445835
   2.246      0.445251
   2.249      0.444668
   2.252      0.444087
   2.255      0.443507
   2.258      0.442929
   2.261      0.442352
   2.264      0.441777
   2.267      0.441203
   2.269      0.440631
   2.272      0.440060
   2.275      0.439491
   2.278      0.438923
   2.281      0.438356
   2.284      0.437791
   2.287      0.437228
   2.290      0.436666
   2.293      0.436105
   2.296      0.435546
   2.299      0.434989
   2.302      0.434432
   2.305      0.433878
   2.308      0.433324
   2.311      0.432772
   2.314      0.432222
   2.317      0.431672
   2.320      0.431125
   2.322      0.430578
   2.325      0.430033
   2.328      0.429489
   2.331      0.428947
   2.334      0.428406
   2.337      0.427867
   2.340      0.427329
   2.343      0.426792
   2.346      0.426256
   2.349      0.425722
   2.352      0.425189
   2.355      0.424658
