   0.000      0.363313
   0.004      0.363319
   0.008      0.363326
   0.012      0.363337
   0.017      0.363353
   0.021      0.363373
   0.025      0.363397
   0.029      0.363426
   0.033      0.363460
   0.037      0.363498
   0.041      0.363540
   0.045      0.363587
   0.050      0.363638
   0.054      0.363694
   0.058      0.363754
   0.062      0.363819
   0.066      0.363888
   0.070      0.363961
   0.074      0.364039
   0.079      0.364122
   0.083      0.364209
   0.087      0.364301
   0.091      0.364397
   0.095      0.364497
   0.099      0.364602
   0.103      0.364712
   0.107      0.364826
   0.112      0.364944
   0.116      0.365067
   0.120      0.365195
   0.124      0.365327
   0.128      0.365463
   0.132      0.365604
   0.136      0.365750
   0.141      0.365900
   0.145      0.366055
   0.149      0.366214
   0.153      0.366378
   0.157      0.366547
   0.161      0.366720
   0.165      0.366898
   0.169      0.367080
   0.174      0.367267
   0.178      0.367459
   0.182      0.367655
   0.186      0.367856
   0.190      0.368061
   0.194      0.368272
   0.198      0.368487
   0.203      0.368706
   0.207      0.368930
   0.211      0.369159
   0.215      0.369393
   0.219      0.369632
   0.223      0.369875
   0.227      0.370123
   0.231      0.370375
   0.236      0.370633
   0.240      0.370895
   0.244      0.371162
   0.248      0.371434
   0.252      0.371710
   0.256      0.371992
   0.260      0.372278
   0.265      0.372569
   0.269      0.372865
   0.273      0.373165
   0.277      0.373471
   0.281      0.373781
   0.285      0.374097
   0.289      0.374417
   0.293      0.374742
   0.298      0.375072
   0.302      0.375407
   0.306      0.375746
   0.310      0.376091
   0.314      0.376440
   0.318      0.376795
   0.322      0.377154
   0.327      0.377519
   0.331      0.377888
   0.335      0.378262
   0.339      0.378642
   0.343      0.379026
   0.347      0.379415
   0.351      0.379809
   0.355      0.380208
   0.360      0.380613
   0.364      0.381022
   0.368      0.381436
   0.372      0.381855
   0.376      0.382280
   0.380      0.382709
   0.384      0.383144
   0.389      0.383583
   0.393      0.384028
   0.397      0.384477
   0.401      0.384932
   0.405      0.385392
   0.409      0.385857
   0.413      0.386327
   0.417      0.386802
   0.422      0.387282
   0.426      0.387768
   0.430      0.388258
   0.434      0.388754
   0.438      0.389255
   0.442      0.389761
   0.446      0.390272
   0.451      0.390788
   0.455      0.391310
   0.459      0.391836
   0.463      0.392368
   0.467      0.392906
   0.471      0.393448
   0.475      0.393996
   0.479      0.394548
   0.484      0.395106
   0.488      0.395670
   0.492      0.396238
   0.496      0.396812
   0.500      0.397391
   0.504      0.397976
   0.508      0.398565
   0.513      0.399160
   0.517      0.399760
   0.521      0.400366
   0.525      0.400977
   0.529      0.401593
   0.533      0.402214
   0.537      0.402841
   0.541      0.403474
   0.546      0.404111
   0.550      0.404754
   0.554      0.405402
   0.558      0.406056
   0.562      0.406715
   0.566      0.407379
   0.570      0.408049
   0.575      0.408724
   0.579      0.409405
   0.583      0.410091
   0.587      0.410782
   0.591      0.411479
   0.595      0.412181
   0.599      0.412889
   0.603      0.413602
   0.608      0.414321
   0.612      0.415045
   0.616      0.415774
   0.620      0.416509
   0.624      0.417249
   0.628      0.417995
   0.632      0.418747
   0.637      0.419503
   0.641      0.420266
   0.645      0.421033
   0.649      0.421807
   0.653      0.422586
   0.657      0.423370
   0.661      0.424160
   0.665      0.424955
   0.670      0.425756
   0.674      0.426562
   0.678      0.427374
   0.682      0.428191
   0.686      0.429014
   0.690      0.429843
   0.694      0.430677
   0.699      0.431516
   0.703      0.432361
   0.707      0.433212
   0.711      0.434068
   0.715      0.434930
   0.719      0.435797
   0.723      0.436670
   0.727      0.437548
   0.732      0.438432
   0.736      0.439322
   0.740      0.440217
   0.744      0.441117
   0.748      0.442023
   0.752      0.442935
   0.756      0.443852
   0.761      0.444775
   0.765      0.445703
   0.769      0.446637
   0.773      0.447577
   0.777      0.448522
   0.781      0.449472
   0.785      0.450428
   0.789      0.451390
   0.794      0.452357
   0.798      0.453330
   0.802      0.454308
   0.806      0.455291
   0.810      0.456281
   0.814      0.457275
   0.818      0.458276
   0.823      0.459281
   0.827      0.460293
   0.831      0.461309
   0.835      0.462332
   0.839      0.463359
   0.843      0.464392
   0.847      0.465431
   0.851      0.466475
   0.856      0.467525
   0.860      0.468580
   0.864      0.469640
   0.868      0.470706
   0.872      0.471777
   0.876      0.472854
   0.880      0.473936
   0.885      0.475023
   0.889      0.476116
   0.893      0.477214
   0.897      0.478318
   0.901      0.479427
   0.905      0.480541
   0.909      0.481660
   0.913      0.482785
   0.918      0.483915
   0.922      0.485051
   0.926      0.486191
   0.930      0.487337
   0.934      0.488488
   0.938      0.489644
   0.942      0.490806
   0.947      0.491973
   0.951      0.493144
   0.955      0.494321
   0.959      0.495503
   0.963      0.496690
   0.967      0.497883
   0.971      0.499080
   0.975      0.500282
   0.980      0.501489
   0.984      0.502702
   0.988      0.503919
   0.992      0.505141
   0.996      0.506368
   1.000      0.507600
   1.004      0.508837
   1.009      0.510079
   1.013      0.511325
   1.017      0.512577
   1.021      0.513833
   1.025      0.515094
   1.029      0.516359
   1.033      0.517629
   1.037      0.518904
   1.042      0.520184
   1.046      0.521468
   1.050      0.522757
   1.054      0.524050
   1.058      0.525347
   1.062      0.526650
   1.066      0.527956
   1.071      0.529267
   1.075      0.530582
   1.079      0.531902
   1.083      0.533226
   1.087      0.534554
   1.091      0.535886
   1.095      0.537223
   1.099      0.538564
   1.104      0.539908
   1.108      0.541257
   1.112      0.542610
   1.116      0.543967
   1.120      0.545327
   1.124      0.546692
   1.128      0.548060
   1.133      0.549432
   1.137      0.550808
   1.141      0.552188
   1.145      0.553571
   1.149      0.554958
   1.153      0.556349
   1.157      0.557743
   1.161      0.559140
   1.166      0.560541
   1.170      0.561945
   1.174      0.563353
   1.178      0.564763
   1.182      0.566177
   1.186      0.567594
   1.190      0.569014
   1.195      0.570438
   1.199      0.571864
   1.203      0.573293
   1.207      0.574725
   1.211      0.576159
   1.215      0.577597
   1.219      0.579037
   1.223      0.580480
   1.228      0.581925
   1.232      0.583373
   1.236      0.584823
   1.240      0.586276
   1.244      0.587731
   1.248      0.589188
   1.252      0.590647
   1.257      0.592109
   1.261      0.593572
   1.265      0.595038
   1.269      0.596505
   1.273      0.597974
   1.277      0.599445
   1.281      0.600918
   1.285      0.602392
   1.290      0.603868
   1.294      0.605345
   1.298      0.606824
   1.302      0.608304
   1.306      0.609785
   1.310      0.611267
   1.314      0.612751
   1.319      0.614235
   1.323      0.615721
   1.327      0.617207
   1.331      0.618694
   1.335      0.620182
   1.339      0.621670
   1.343      0.623159
   1.347      0.624648
   1.352      0.626137
   1.356      0.627627
   1.360      0.629117
   1.364      0.630608
   1.368      0.632098
   1.372      0.633588
   1.376      0.635078
   1.381      0.636567
   1.385      0.638057
   1.389      0.639546
   1.393      0.641034
   1.397      0.642522
   1.401      0.644009
   1.405      0.645495
   1.409      0.646980
   1.414      0.648465
   1.418      0.649948
   1.422      0.651430
   1.426      0.652911
   1.430      0.654391
   1.434      0.655869
   1.438      0.657345
   1.443      0.658820
   1.447      0.660293
   1.451      0.661764
   1.455      0.663233
   1.459      0.664700
   1.463      0.666165
   1.467      0.667628
   1.471      0.669089
   1.476      0.670546
   1.480      0.672002
   1.484      0.673455
   1.488      0.674904
   1.492      0.676352
   1.496      0.677796
   1.500      0.679237
   1.505      0.680674
   1.509      0.682109
   1.513      0.683540
   1.517      0.684968
   1.521      0.686392
   1.525      0.687812
   1.529      0.689228
   1.533      0.690641
   1.538      0.692049
   1.542      0.693454
   1.546      0.694854
   1.550      0.696250
   1.554      0.697641
   1.558      0.699028
   1.562      0.700410
   1.567      0.701787
   1.571      0.703159
   1.575      0.704526
   1.579      0.705888
   1.583      0.707245
   1.587      0.708597
   1.591      0.709943
   1.595      0.711284
   1.600      0.712619
   1.604      0.713948
   1.608      0.715271
   1.612      0.716588
   1.616      0.717900
   1.620      0.719205
   1.624      0.720503
   1.629      0.721795
   1.633      0.723081
   1.637      0.724360
   1.641      0.725632
   1.645      0.726898
   1.649      0.728156
   1.653      0.729407
   1.657      0.730652
   1.662      0.731888
   1.666      0.733118
   1.670      0.734340
   1.674      0.735554
   1.678      0.736761
   1.682      0.737959
   1.686      0.739150
   1.691      0.740333
   1.695      0.741508
   1.699      0.742674
   1.703      0.743832
   1.707      0.744981
   1.711      0.746122
   1.715      0.747255
   1.719      0.748378
   1.724      0.749493
   1.728      0.750599
   1.732      0.751695
   1.736      0.752783
   1.740      0.753861
   1.744      0.754930
   1.748      0.755989
   1.753      0.757039
   1.757      0.758079
   1.761      0.759110
   1.765      0.760130
   1.769      0.761141
   1.773      0.762142
   1.777      0.763132
   1.781      0.764112
   1.786      0.765082
   1.790      0.766042
   1.794      0.766991
   1.798      0.767930
   1.802      0.768857
   1.806      0.769774
   1.810      0.770681
   1.815      0.771576
   1.819      0.772460
   1.823      0.773334
   1.827      0.774196
   1.831      0.775046
   1.835      0.775886
   1.839      0.776714
   1.843      0.777531
   1.848      0.778336
   1.852      0.779129
   1.856      0.779911
   1.860      0.780681
   1.864      0.781439
   1.868      0.782185
   1.872      0.782919
   1.877      0.783641
   1.881      0.784351
   1.885      0.785049
   1.889      0.785734
   1.893      0.786407
   1.897      0.787068
   1.901      0.787716
   1.905      0.788352
   1.910      0.788976
   1.914      0.789586
   1.918      0.790184
   1.922      0.790769
   1.926      0.791342
   1.930      0.791901
   1.934      0.792448
   1.939      0.792982
   1.943      0.793503
   1.947      0.794011
   1.951      0.794505
   1.955      0.794987
   1.959      0.795455
   1.963      0.795911
   1.967      0.796353
   1.972      0.796782
   1.976      0.797197
   1.980      0.797599
   1.984      0.797988
   1.988      0.798363
   1.992      0.798725
   1.996      0.799074
   2.001      0.799409
   2.005      0.799730
   2.009      0.800038
   2.013      0.800332
   2.017      0.800613
   2.021      0.800880
   2.025      0.801134
   2.029      0.801373
   2.034      0.801600
   2.038      0.801812
   2.042      0.802011
   2.046      0.802196
   2.050      0.802368
   2.054      0.802526
   2.058      0.802670
   2.063      0.802800
   2.067      0.802917
   2.071      0.803020
   2.075      0.803109
   2.079      0.803184
   2.083      0.803246
   2.087      0.803294
   2.091      0.803328
   2.096      0.803349
   2.100      0.803356
   2.104      0.803349
   2.108      0.803329
   2.112      0.803295
   2.116      0.803247
   2.120      0.803186
   2.125      0.803111
   2.129      0.803022
   2.133      0.802920
   2.137      0.802804
   2.141      0.802675
   2.145      0.802533
   2.149      0.802376
   2.153      0.802207
   2.158      0.802024
   2.162      0.801828
   2.166      0.801618
   2.170      0.801395
   2.174      0.801158
   2.178      0.800909
   2.182      0.800646
   2.187      0.800370
   2.191      0.800081
   2.195      0.799779
   2.199      0.799463
   2.203      0.799135
   2.207      0.798794
   2.211      0.798439
   2.215      0.798072
   2.220      0.797692
   2.224      0.797300
   2.228      0.796894
   2.232      0.796476
   2.236      0.796045
   2.240      0.795602
   2.244      0.795146
   2.249      0.794678
   2.253      0.794197
   2.257      0.793704
   2.261      0.793199
   2.265      0.792681
   2.269      0.792151
   2.273      0.791609
   2.277      0.791055
   2.282      0.790489
   2.286      0.789912
   2.290      0.789322
   2.294      0.788720
   2.298      0.788107
   2.302      0.787482
   2.306      0.786845
   2.311      0.786197
   2.315      0.785538
   2.319      0.784867
   2.323      0.784185
   2.327      0.783491
   2.331      0.782786
   2.335      0.782071
   2.339      0.781344
   2.344      0.780606
   2.348      0.779857
   2.352      0.779098
   2.356      0.778328
   2.360      0.777547
   2.364      0.776755
   2.368      0.775954
   2.373      0.775141
   2.377      0.774319
   2.381      0.773486
   2.385      0.772643
   2.389      0.771789
   2.393      0.770926
   2.397      0.770053
   2.401      0.769170
   2.406      0.768277
   2.410      0.767374
   2.414      0.766462
   2.418      0.765540
   2.422      0.764609
   2.426      0.763669
   2.430      0.762719
   2.435      0.761760
   2.439      0.760792
   2.443      0.759814
   2.447      0.758828
   2.451      0.757833
   2.455      0.756829
   2.459      0.755817
   2.463      0.754795
   2.468      0.753765
   2.472      0.752727
   2.476      0.751680
   2.480      0.750625
   2.484      0.749562
   2.488      0.748491
   2.492      0.747412
   2.497      0.746324
   2.501      0.745229
   2.505      0.744126
   2.509      0.743015
   2.513      0.741896
   2.517      0.740770
   2.521      0.739637
   2.525      0.738496
   2.530      0.737348
   2.534      0.736192
   2.538      0.735030
   2.542      0.733860
   2.546      0.732683
   2.550      0.731499
   2.554      0.730309
   2.559      0.729112
   2.563      0.727908
   2.567      0.726697
   2.571      0.725480
   2.575      0.724256
   2.579      0.723026
   2.583      0.721790
   2.587      0.720548
   2.592      0.719299
   2.596      0.718044
   2.600      0.716783
   2.604      0.715517
   2.608      0.714244
   2.612      0.712966
   2.616      0.711682
   2.621      0.710392
   2.625      0.709097
   2.629      0.707796
   2.633      0.706490
   2.637      0.705179
   2.641      0.703862
   2.645      0.702540
   2.649      0.701213
   2.654      0.699880
   2.658      0.698543
   2.662      0.697201
   2.666      0.695854
   2.670      0.694502
   2.674      0.693145
   2.678      0.691784
   2.683      0.690418
   2.687      0.689048
   2.691      0.687673
   2.695      0.686293
   2.699      0.684910
   2.703      0.683521
   2.707      0.682129
   2.711      0.680733
   2.716      0.679332
   2.720      0.677927
   2.724      0.676519
   2.728      0.675106
   2.732      0.673690
   2.736      0.672270
   2.740      0.670846
   2.745      0.669418
   2.749      0.667987
   2.753      0.666552
   2.757      0.665113
   2.761      0.663672
   2.765      0.662226
   2.769      0.660778
   2.773      0.659326
   2.778      0.657871
   2.782      0.656412
   2.786      0.654951
   2.790      0.653486
   2.794      0.652019
   2.798      0.650548
   2.802      0.649075
   2.807      0.647598
   2.811      0.646119
   2.815      0.644637
   2.819      0.643153
   2.823      0.641665
   2.827      0.640176
   2.831      0.638683
   2.835      0.637188
   2.840      0.635691
   2.844      0.634191
   2.848      0.632689
   2.852      0.631185
   2.856      0.629678
   2.860      0.628169
   2.864      0.626658
   2.869      0.625145
   2.873      0.623630
   2.877      0.622113
   2.881      0.620593
   2.885      0.619072
   2.889      0.617549
   2.893      0.616024
   2.897      0.614498
   2.902      0.612969
   2.906      0.611439
   2.910      0.609907
   2.914      0.608374
   2.918      0.606839
   2.922      0.605303
   2.926      0.603765
   2.931      0.602225
   2.935      0.600685
   2.939      0.599143
   2.943      0.597599
   2.947      0.596054
   2.951      0.594509
   2.955      0.592961
   2.959      0.591413
   2.964      0.589864
   2.968      0.588313
   2.972      0.586762
   2.976      0.585209
   2.980      0.583656
   2.984      0.582102
   2.988      0.580546
   2.993      0.578990
   2.997      0.577434
   3.001      0.575876
   3.005      0.574318
   3.009      0.572759
   3.013      0.571199
   3.017      0.569639
   3.021      0.568078
   3.026      0.566517
   3.030      0.564955
   3.034      0.563392
   3.038      0.561830
   3.042      0.560266
   3.046      0.558703
   3.050      0.557139
   3.055      0.555575
   3.059      0.554010
   3.063      0.552446
   3.067      0.550881
   3.071      0.549316
   3.075      0.547751
   3.079      0.546186
   3.083      0.544620
   3.088      0.543055
   3.092      0.541490
   3.096      0.539925
   3.100      0.538359
   3.104      0.536794
   3.108      0.535229
   3.112      0.533665
   3.117      0.532100
   3.121      0.530536
   3.125      0.528971
   3.129      0.527408
   3.133      0.525844
   3.137      0.524281
   3.141      0.522718
   3.145      0.521156
   3.150      0.519594
   3.154      0.518032
   3.158      0.516471
   3.162      0.514910
   3.166      0.513350
   3.170      0.511791
   3.174      0.510232
   3.179      0.508674
   3.183      0.507116
   3.187      0.505559
   3.191      0.504003
   3.195      0.502448
   3.199      0.500893
   3.203      0.499339
   3.207      0.497786
   3.212      0.496234
   3.216      0.494682
   3.220      0.493132
   3.224      0.491582
   3.228      0.490033
   3.232      0.488485
   3.236      0.486939
   3.241      0.485393
   3.245      0.483848
   3.249      0.482304
   3.253      0.480762
   3.257      0.479220
   3.261      0.477680
   3.265      0.476141
   3.269      0.474603
   3.274      0.473066
   3.278      0.471530
   3.282      0.469996
   3.286      0.468462
   3.290      0.466931
   3.294      0.465400
   3.298      0.463871
   3.303      0.462343
   3.307      0.460816
   3.311      0.459291
   3.315      0.457767
   3.319      0.456245
   3.323      0.454724
   3.327      0.453205
   3.331      0.451687
   3.336      0.450170
   3.340      0.448655
   3.344      0.447142
   3.348      0.445630
   3.352      0.444120
   3.356      0.442612
   3.360      0.441105
   3.365      0.439599
   3.369      0.438096
   3.373      0.436594
   3.377      0.435093
   3.381      0.433595
   3.385      0.432098
   3.389      0.430603
   3.393      0.429110
   3.398      0.427618
   3.402      0.426128
   3.406      0.424641
   3.410      0.423155
   3.414      0.421670
   3.418      0.420188
   3.422      0.418708
   3.427      0.417229
   3.431      0.415752
   3.435      0.414278
   3.439      0.412805
   3.443      0.411334
   3.447      0.409866
   3.451      0.408399
   3.455      0.406934
   3.460      0.405471
   3.464      0.404011
   3.468      0.402552
   3.472      0.401096
   3.476      0.399641
   3.480      0.398189
   3.484      0.396739
   3.489      0.395290
   3.493      0.393844
   3.497      0.392401
   3.501      0.390959
   3.505      0.389520
   3.509      0.388082
   3.513      0.386647
   3.517      0.385215
   3.522      0.383784
   3.526      0.382356
   3.530      0.380930
   3.534      0.379506
   3.538      0.378085
   3.542      0.376665
   3.546      0.375249
   3.551      0.373834
   3.555      0.372422
   3.559      0.371012
   3.563      0.369605
   3.567      0.368200
   3.571      0.366797
   3.575      0.365397
   3.579      0.363999
   3.584      0.362603
   3.588      0.361210
   3.592      0.359820
   3.596      0.358431
   3.600      0.357046
   3.604      0.355663
   3.608      0.354282
   3.613      0.352904
   3.617      0.351528
   3.621      0.350155
   3.625      0.348784
   3.629      0.347416
   3.633      0.346050
   3.637      0.344687
   3.641      0.343327
   3.646      0.341969
   3.650      0.340613
   3.654      0.339261
   3.658      0.337911
   3.662      0.336563
   3.666      0.335218
   3.670      0.333876
   3.675      0.332536
   3.679      0.331199
   3.683      0.329865
   3.687      0.328533
   3.691      0.327204
   3.695      0.325878
   3.699      0.324554
   3.703      0.323233
   3.708      0.321915
   3.712      0.320599
   3.716      0.319286
   3.720      0.317976
   3.724      0.316669
   3.728      0.315364
   3.732      0.314062
   3.737      0.312763
   3.741      0.311467
   3.745      0.310173
   3.749      0.308882
   3.753      0.307594
   3.757      0.306309
   3.761      0.305026
   3.765      0.303746
   3.770      0.302469
   3.774      0.301195
   3.778      0.299924
   3.782      0.298655
   3.786      0.297390
   3.790      0.296127
   3.794      0.294867
   3.799      0.293610
   3.803      0.292355
   3.807      0.291104
   3.811      0.289855
   3.815      0.288610
   3.819      0.287367
   3.823      0.286127
   3.827      0.284890
   3.832      0.283656
   3.836      0.282424
   3.840      0.281196
   3.844      0.279970
   3.848      0.278748
   3.852      0.277528
   3.856      0.276311
   3.861      0.275097
   3.865      0.273886
   3.869      0.272678
   3.873      0.271473
   3.877      0.270271
   3.881      0.269072
   3.885      0.267875
   3.889      0.266682
   3.894      0.265492
   3.898      0.264304
   3.902      0.263120
   3.906      0.261938
   3.910      0.260760
   3.914      0.259584
   3.918      0.258411
   3.923      0.257242
   3.927      0.256075
   3.931      0.254911
   3.935      0.253750
   3.939      0.252593
   3.943      0.251438
   3.947      0.250286
   3.951      0.249137
   3.956      0.247992
   3.960      0.246849
   3.964      0.245709
   3.968      0.244572
   3.972      0.243438
   3.976      0.242307
   3.980      0.241180
   3.985      0.240055
   3.989      0.238933
   3.993      0.237814
   3.997      0.236699
   4.001      0.235586
   4.005      0.234476
   4.009      0.233369
   4.013      0.232266
   4.018      0.231165
   4.022      0.230067
   4.026      0.228973
   4.030      0.227881
   4.034      0.226793
   4.038      0.225707
   4.042      0.224624
   4.047      0.223545
   4.051      0.222469
   4.055      0.221395
   4.059      0.220325
   4.063      0.219257
   4.067      0.218193
   4.071      0.217132
   4.075      0.216073
   4.080      0.215018
   4.084      0.213966
   4.088      0.212917
   4.092      0.211871
   4.096      0.210828
   4.100      0.209788
   4.104      0.208751
   4.109      0.207717
   4.113      0.206686
   4.117      0.205658
   4.121      0.204633
   4.125      0.203611
   4.129      0.202592
   4.133      0.201576
   4.137      0.200564
   4.142      0.199554
   4.146      0.198547
   4.150      0.197544
   4.154      0.196543
   4.158      0.195546
   4.162      0.194551
   4.166      0.193560
   4.171      0.192571
   4.175      0.191586
   4.179      0.190603
   4.183      0.189624
   4.187      0.188648
   4.191      0.187674
   4.195      0.186704
   4.199      0.185737
   4.204      0.184772
   4.208      0.183811
   4.212      0.182853
   4.216      0.181898
   4.220      0.180946
   4.224      0.179996
   4.228      0.179050
   4.233      0.178107
   4.237      0.177167
   4.241      0.176230
   4.245      0.175296
   4.249      0.174365
   4.253      0.173437
   4.257      0.172511
   4.261      0.171589
   4.266      0.170670
   4.270      0.169754
   4.274      0.168841
   4.278      0.167931
   4.282      0.167024
   4.286      0.166120
   4.290      0.165219
   4.295      0.164320
   4.299      0.163425
   4.303      0.162533
   4.307      0.161644
   4.311      0.160758
   4.315      0.159874
   4.319      0.158994
   4.323      0.158117
   4.328      0.157242
   4.332      0.156371
   4.336      0.155503
   4.340      0.154637
   4.344      0.153775
   4.348      0.152915
   4.352      0.152058
   4.357      0.151205
   4.361      0.150354
   4.365      0.149506
   4.369      0.148661
   4.373      0.147819
   4.377      0.146980
   4.381      0.146144
   4.385      0.145311
   4.390      0.144481
   4.394      0.143654
   4.398      0.142829
   4.402      0.142008
   4.406      0.141189
   4.410      0.140374
   4.414      0.139561
   4.419      0.138751
   4.423      0.137944
   4.427      0.137140
   4.431      0.136339
   4.435      0.135541
   4.439      0.134746
   4.443      0.133953
   4.447      0.133163
   4.452      0.132377
   4.456      0.131593
   4.460      0.130812
   4.464      0.130034
   4.468      0.129258
   4.472      0.128486
   4.476      0.127717
   4.481      0.126950
   4.485      0.126186
   4.489      0.125425
   4.493      0.124667
   4.497      0.123911
   4.501      0.123159
   4.505      0.122409
   4.509      0.121662
   4.514      0.120918
   4.518      0.120177
   4.522      0.119438
   4.526      0.118703
   4.530      0.117970
   4.534      0.117240
   4.538      0.116513
   4.543      0.115788
   4.547      0.115066
   4.551      0.114348
   4.555      0.113631
   4.559      0.112918
   4.563      0.112208
   4.567      0.111500
   4.571      0.110795
   4.576      0.110092
   4.580      0.109393
   4.584      0.108696
   4.588      0.108002
   4.592      0.107311
   4.596      0.106622
   4.600      0.105936
   4.605      0.105253
   4.609      0.104572
   4.613      0.103895
   4.617      0.103220
   4.621      0.102547
   4.625      0.101878
   4.629      0.101211
   4.633      0.100547
   4.638      0.099885
   4.642      0.099226
   4.646      0.098570
   4.650      0.097917
   4.654      0.097266
   4.658      0.096617
   4.662      0.095972
   4.667      0.095329
   4.671      0.094689
   4.675      0.094051
   4.679      0.093416
   4.683      0.092784
   4.687      0.092154
   4.691      0.091527
   4.695      0.090903
   4.700      0.090281
   4.704      0.089662
   4.708      0.089045
   4.712      0.088431
   4.716      0.087820
   4.720      0.087211
   4.724      0.086605
   4.729      0.086001
   4.733      0.085400
   4.737      0.084801
   4.741      0.084205
   4.745      0.083612
   4.749      0.083021
   4.753      0.082433
   4.757      0.081847
   4.762      0.081264
   4.766      0.080683
   4.770      0.080105
   4.774      0.079529
   4.778      0.078956
   4.782      0.078385
   4.786      0.077817
   4.791      0.077251
   4.795      0.076688
   4.799      0.076128
   4.803      0.075569
   4.807      0.075014
   4.811      0.074460
   4.815      0.073910
   4.819      0.073361
   4.824      0.072815
   4.828      0.072272
   4.832      0.071731
   4.836      0.071193
   4.840      0.070657
   4.844      0.070123
   4.848      0.069592
   4.853      0.069063
   4.857      0.068537
   4.861      0.068013
   4.865      0.067491
   4.869      0.066972
   4.873      0.066455
   4.877      0.065941
   4.881      0.065429
   4.886      0.064919
   4.890      0.064412
   4.894      0.063907
   4.898      0.063404
   4.902      0.062904
   4.906      0.062406
   4.910      0.061910
   4.915      0.061417
   4.919      0.060926
   4.923      0.060438
   4.927      0.059952
   4.931      0.059468
   4.935      0.058986
   4.939      0.058507
   4.943      0.058030
   4.948      0.057555
   4.952      0.057083
   4.956      0.056612
   4.960      0.056145
   4.964      0.055679
   4.968      0.055216
   4.972      0.054754
   4.977      0.054296
   4.981      0.053839
   4.985      0.053385
   4.989      0.052932
   4.993      0.052483
   4.997      0.052035
   5.001      0.051589
   5.005      0.051146
   5.010      0.050705
   5.014      0.050266
   5.018      0.049829
   5.022      0.049395
   5.026      0.048963
   5.030      0.048533
   5.034      0.048105
   5.039      0.047679
   5.043      0.047255
   5.047      0.046834
   5.051      0.046414
   5.055      0.045997
   5.059      0.045582
   5.063      0.045169
   5.067      0.044758
   5.072      0.044349
   5.076      0.043943
   5.080      0.043538
   5.084      0.043136
   5.088      0.042736
   5.092      0.042337
   5.096      0.041941
   5.101      0.041547
   5.105      0.041155
   5.109      0.040765
   5.113      0.040377
   5.117      0.039992
   5.121      0.039608
   5.125      0.039226
   5.129      0.038846
   5.134      0.038469
   5.138      0.038093
   5.142      0.037719
   5.146      0.037348
   5.150      0.036978
   5.154      0.036611
   5.158      0.036245
   5.163      0.035881
   5.167      0.035520
   5.171      0.035160
   5.175      0.034802
   5.179      0.034447
   5.183      0.034093
   5.187      0.033741
   5.191      0.033391
   5.196      0.033043
   5.200      0.032697
   5.204      0.032353
   5.208      0.032011
   5.212      0.031671
   5.216      0.031332
   5.220      0.030996
   5.225      0.030661
   5.229      0.030329
   5.233      0.029998
   5.237      0.029669
   5.241      0.029342
   5.245      0.029017
   5.249      0.028694
   5.253      0.028372
   5.258      0.028053
   5.262      0.027735
   5.266      0.027419
   5.270      0.027105
   5.274      0.026793
   5.278      0.026483
   5.282      0.026174
   5.287      0.025867
   5.291      0.025563
   5.295      0.025259
   5.299      0.024958
   5.303      0.024659
   5.307      0.024361
   5.311      0.024065
   5.315      0.023771
   5.320      0.023478
   5.324      0.023187
   5.328      0.022898
   5.332      0.022611
   5.336      0.022326
   5.340      0.022042
   5.344      0.021760
   5.349      0.021480
   5.353      0.021201
   5.357      0.020925
   5.361      0.020649
   5.365      0.020376
   5.369      0.020104
   5.373      0.019834
   5.377      0.019566
   5.382      0.019299
   5.386      0.019034
   5.390      0.018771
   5.394      0.018509
   5.398      0.018249
   5.402      0.017991
   5.406      0.017734
   5.411      0.017479
   5.415      0.017226
   5.419      0.016974
   5.423      0.016724
   5.427      0.016475
   5.431      0.016228
   5.435      0.015983
   5.439      0.015739
   5.444      0.015497
   5.448      0.015256
   5.452      0.015017
   5.456      0.014780
   5.460      0.014544
   5.464      0.014309
   5.468      0.014077
   5.473      0.013845
   5.477      0.013616
   5.481      0.013387
   5.485      0.013161
   5.489      0.012936
   5.493      0.012712
   5.497      0.012490
   5.501      0.012270
   5.506      0.012050
   5.510      0.011833
   5.514      0.011617
   5.518      0.011402
   5.522      0.011189
   5.526      0.010978
   5.530      0.010768
   5.535      0.010559
   5.539      0.010352
   5.543      0.010146
   5.547      0.009942
   5.551      0.009739
   5.555      0.009537
   5.559      0.009337
   5.563      0.009139
   5.568      0.008942
   5.572      0.008746
   5.576      0.008551
   5.580      0.008359
   5.584      0.008167
   5.588      0.007977
   5.592      0.007788
   5.597      0.007601
   5.601      0.007415
   5.605      0.007230
   5.609      0.007047
   5.613      0.006865
   5.617      0.006685
   5.621      0.006505
   5.625      0.006328
   5.630      0.006151
   5.634      0.005976
   5.638      0.005802
   5.642      0.005630
   5.646      0.005458
   5.650      0.005289
   5.654      0.005120
   5.659      0.004953
   5.663      0.004787
   5.667      0.004622
   5.671      0.004459
   5.675      0.004297
   5.679      0.004136
   5.683      0.003976
   5.687      0.003818
   5.692      0.003661
   5.696      0.003505
   5.700      0.003350
   5.704      0.003197
   5.708      0.003045
   5.712      0.002894
   5.716      0.002745
   5.721      0.002596
   5.725      0.002449
   5.729      0.002303
   5.733      0.002158
   5.737      0.002015
   5.741      0.001872
   5.745      0.001731
   5.749      0.001591
   5.754      0.001452
   5.758      0.001315
   5.762      0.001178
   5.766      0.001043
   5.770      0.000909
   5.774      0.000775
   5.778      0.000644
   5.783      0.000513
   5.787      0.000383
   5.791      0.000254
   5.795      0.000127
   5.799      0.000000
