   0.000      0.842869
   0.004      0.842869
   0.007      0.842868
   0.011      0.842866
   0.015      0.842864
   0.018      0.842861
   0.022      0.842857
   0.026      0.842852
   0.029      0.842847
   0.033      0.842841
   0.037      0.842834
   0.040      0.842827
   0.044      0.842819
   0.048      0.842810
   0.051      0.842800
   0.055      0.842790
   0.059      0.842779
   0.062      0.842767
   0.066      0.842755
   0.070      0.842742
   0.073      0.842728
   0.077      0.842713
   0.081      0.842698
   0.084      0.842682
   0.088      0.842665
   0.092      0.842648
   0.095      0.842629
   0.099      0.842610
   0.103      0.842590
   0.106      0.842570
   0.110      0.842549
   0.114      0.842526
   0.117      0.842504
   0.121      0.842480
   0.125      0.842456
   0.128      0.842430
   0.132      0.842404
   0.136      0.842378
   0.140      0.842350
   0.143      0.842322
   0.147      0.842292
   0.151      0.842262
   0.154      0.842231
   0.158      0.842200
   0.162      0.842167
   0.165      0.842134
   0.169      0.842100
   0.173      0.842064
   0.176      0.842028
   0.180      0.841992
   0.184      0.841954
   0.187      0.841915
   0.191      0.841876
   0.195      0.841835
   0.198      0.841794
   0.202      0.841752
   0.206      0.841709
   0.209      0.841664
   0.213      0.841619
   0.217      0.841573
   0.220      0.841526
   0.224      0.841478
   0.228      0.841429
   0.231      0.841379
   0.235      0.841328
   0.239      0.841276
   0.242      0.841223
   0.246      0.841169
   0.250      0.841114
   0.253      0.841058
   0.257      0.841001
   0.261      0.840942
   0.264      0.840883
   0.268      0.840822
   0.272      0.840760
   0.275      0.840697
   0.279      0.840633
   0.283      0.840568
   0.286      0.840502
   0.290      0.840434
   0.294      0.840365
   0.297      0.840295
   0.301      0.840224
   0.305      0.840151
   0.308      0.840077
   0.312      0.840002
   0.316      0.839926
   0.319      0.839848
   0.323      0.839769
   0.327      0.839688
   0.330      0.839607
   0.334      0.839523
   0.338      0.839439
   0.341      0.839352
   0.345      0.839265
   0.349      0.839176
   0.352      0.839085
   0.356      0.838993
   0.360      0.838900
   0.363      0.838805
   0.367      0.838708
   0.371      0.838610
   0.374      0.838510
   0.378      0.838408
   0.382      0.838305
   0.385      0.838200
   0.389      0.838093
   0.393      0.837985
   0.396      0.837875
   0.400      0.837763
   0.404      0.837649
   0.407      0.837534
   0.411      0.837417
   0.415      0.837297
   0.419      0.837176
   0.422      0.837053
   0.426      0.836928
   0.430      0.836801
   0.433      0.836672
   0.437      0.836541
   0.441      0.836408
   0.444      0.836273
   0.448      0.836135
   0.452      0.835996
   0.455      0.835854
   0.459      0.835710
   0.463      0.835564
   0.466      0.835416
   0.470      0.835265
   0.474      0.835112
   0.477      0.834956
   0.481      0.834798
   0.485      0.834638
   0.488      0.834475
   0.492      0.834310
   0.496      0.834142
   0.499      0.833972
   0.503      0.833799
   0.507      0.833623
   0.510      0.833445
   0.514      0.833264
   0.518      0.833080
   0.521      0.832893
   0.525      0.832704
   0.529      0.832512
   0.532      0.832317
   0.536      0.832119
   0.540      0.831918
   0.543      0.831713
   0.547      0.831506
   0.551      0.831296
   0.554      0.831083
   0.558      0.830866
   0.562      0.830646
   0.565      0.830423
   0.569      0.830197
   0.573      0.829968
   0.576      0.829735
   0.580      0.829498
   0.584      0.829258
   0.587      0.829015
   0.591      0.828768
   0.595      0.828518
   0.598      0.828264
   0.602      0.828006
   0.606      0.827744
   0.609      0.827479
   0.613      0.827210
   0.617      0.826937
   0.620      0.826661
   0.624      0.826380
   0.628      0.826096
   0.631      0.825807
   0.635      0.825514
   0.639      0.825218
   0.642      0.824917
   0.646      0.824612
   0.650      0.824303
   0.653      0.823989
   0.657      0.823671
   0.661      0.823349
   0.664      0.823023
   0.668      0.822692
   0.672      0.822356
   0.675      0.822016
   0.679      0.821672
   0.683      0.821323
   0.687      0.820969
   0.690      0.820611
   0.694      0.820247
   0.698      0.819880
   0.701      0.819507
   0.705      0.819129
   0.709      0.818747
   0.712      0.818360
   0.716      0.817968
   0.720      0.817570
   0.723      0.817168
   0.727      0.816761
   0.731      0.816349
   0.734      0.815931
   0.738      0.815508
   0.742      0.815081
   0.745      0.814648
   0.749      0.814209
   0.753      0.813766
   0.756      0.813317
   0.760      0.812862
   0.764      0.812403
   0.767      0.811938
   0.771      0.811467
   0.775      0.810991
   0.778      0.810510
   0.782      0.810023
   0.786      0.809530
   0.789      0.809032
   0.793      0.808529
   0.797      0.808019
   0.800      0.807504
   0.804      0.806984
   0.808      0.806458
   0.811      0.805926
   0.815      0.805388
   0.819      0.804845
   0.822      0.804296
   0.826      0.803741
   0.830      0.803180
   0.833      0.802614
   0.837      0.802042
   0.841      0.801464
   0.844      0.800881
   0.848      0.800291
   0.852      0.799696
   0.855      0.799095
   0.859      0.798488
   0.863      0.797875
   0.866      0.797257
   0.870      0.796632
   0.874      0.796002
   0.877      0.795366
   0.881      0.794725
   0.885      0.794077
   0.888      0.793424
   0.892      0.792764
   0.896      0.792100
   0.899      0.791429
   0.903      0.790752
   0.907      0.790070
   0.910      0.789382
   0.914      0.788689
   0.918      0.787989
   0.921      0.787284
   0.925      0.786573
   0.929      0.785857
   0.932      0.785135
   0.936      0.784407
   0.940      0.783674
   0.943      0.782935
   0.947      0.782191
   0.951      0.781441
   0.955      0.780686
   0.958      0.779925
   0.962      0.779159
   0.966      0.778387
   0.969      0.777610
   0.973      0.776828
   0.977      0.776040
   0.980      0.775247
   0.984      0.774449
   0.988      0.773646
   0.991      0.772837
   0.995      0.772023
   0.999      0.771204
   1.002      0.770380
   1.006      0.769551
   1.010      0.768717
   1.013      0.767879
   1.017      0.767035
   1.021      0.766186
   1.024      0.765333
   1.028      0.764474
   1.032      0.763611
   1.035      0.762744
   1.039      0.761871
   1.043      0.760994
   1.046      0.760113
   1.050      0.759227
   1.054      0.758336
   1.057      0.757441
   1.061      0.756542
   1.065      0.755638
   1.068      0.754730
   1.072      0.753818
   1.076      0.752901
   1.079      0.751981
   1.083      0.751056
   1.087      0.750128
   1.090      0.749195
   1.094      0.748258
   1.098      0.747318
   1.101      0.746373
   1.105      0.745425
   1.109      0.744473
   1.112      0.743518
   1.116      0.742559
   1.120      0.741596
   1.123      0.740630
   1.127      0.739660
   1.131      0.738687
   1.134      0.737710
   1.138      0.736730
   1.142      0.735747
   1.145      0.734760
   1.149      0.733771
   1.153      0.732778
   1.156      0.731782
   1.160      0.730783
   1.164      0.729781
   1.167      0.728776
   1.171      0.727769
   1.175      0.726758
   1.178      0.725745
   1.182      0.724729
   1.186      0.723710
   1.189      0.722689
   1.193      0.721665
   1.197      0.720638
   1.200      0.719610
   1.204      0.718578
   1.208      0.717545
   1.211      0.716508
   1.215      0.715470
   1.219      0.714430
   1.222      0.713387
   1.226      0.712342
   1.230      0.711295
   1.234      0.710246
   1.237      0.709195
   1.241      0.708142
   1.245      0.707088
   1.248      0.706031
   1.252      0.704973
   1.256      0.703912
   1.259      0.702850
   1.263      0.701787
   1.267      0.700722
   1.270      0.699655
   1.274      0.698587
   1.278      0.697517
   1.281      0.696446
   1.285      0.695373
   1.289      0.694299
   1.292      0.693224
   1.296      0.692148
   1.300      0.691070
   1.303      0.689991
   1.307      0.688911
   1.311      0.687830
   1.314      0.686748
   1.318      0.685665
   1.322      0.684580
   1.325      0.683495
   1.329      0.682410
   1.333      0.681323
   1.336      0.680235
   1.340      0.679147
   1.344      0.678058
   1.347      0.676968
   1.351      0.675878
   1.355      0.674787
   1.358      0.673695
   1.362      0.672603
   1.366      0.671511
   1.369      0.670418
   1.373      0.669324
   1.377      0.668230
   1.380      0.667136
   1.384      0.666042
   1.388      0.664947
   1.391      0.663852
   1.395      0.662757
   1.399      0.661662
   1.402      0.660566
   1.406      0.659471
   1.410      0.658375
   1.413      0.657280
   1.417      0.656184
   1.421      0.655089
   1.424      0.653993
   1.428      0.652898
   1.432      0.651802
   1.435      0.650707
   1.439      0.649612
   1.443      0.648518
   1.446      0.647423
   1.450      0.646329
   1.454      0.645236
   1.457      0.644142
   1.461      0.643049
   1.465      0.641956
   1.468      0.640864
   1.472      0.639773
   1.476      0.638681
   1.479      0.637591
   1.483      0.636500
   1.487      0.635411
   1.490      0.634322
   1.494      0.633234
   1.498      0.632146
   1.502      0.631059
   1.505      0.629973
   1.509      0.628887
   1.513      0.627802
   1.516      0.626718
   1.520      0.625635
   1.524      0.624553
   1.527      0.623471
   1.531      0.622391
   1.535      0.621311
   1.538      0.620233
   1.542      0.619155
   1.546      0.618078
   1.549      0.617002
   1.553      0.615927
   1.557      0.614854
   1.560      0.613781
   1.564      0.612709
   1.568      0.611639
   1.571      0.610570
   1.575      0.609501
   1.579      0.608434
   1.582      0.607369
   1.586      0.606304
   1.590      0.605241
   1.593      0.604178
   1.597      0.603118
   1.601      0.602058
   1.604      0.601000
   1.608      0.599943
   1.612      0.598887
   1.615      0.597833
   1.619      0.596780
   1.623      0.595729
   1.626      0.594679
   1.630      0.593630
   1.634      0.592583
   1.637      0.591537
   1.641      0.590493
   1.645      0.589450
   1.648      0.588409
   1.652      0.587369
   1.656      0.586331
   1.659      0.585294
   1.663      0.584259
   1.667      0.583225
   1.670      0.582194
   1.674      0.581163
   1.678      0.580135
   1.681      0.579108
   1.685      0.578082
   1.689      0.577058
   1.692      0.576036
   1.696      0.575016
   1.700      0.573997
   1.703      0.572980
   1.707      0.571965
   1.711      0.570952
   1.714      0.569940
   1.718      0.568930
   1.722      0.567922
   1.725      0.566915
   1.729      0.565911
   1.733      0.564908
   1.736      0.563907
   1.740      0.562908
   1.744      0.561910
   1.747      0.560915
   1.751      0.559921
   1.755      0.558929
   1.758      0.557939
   1.762      0.556951
   1.766      0.555965
   1.770      0.554981
   1.773      0.553998
   1.777      0.553018
   1.781      0.552039
   1.784      0.551063
   1.788      0.550088
   1.792      0.549115
   1.795      0.548144
   1.799      0.547176
   1.803      0.546209
   1.806      0.545244
   1.810      0.544281
   1.814      0.543320
   1.817      0.542361
   1.821      0.541404
   1.825      0.540449
   1.828      0.539496
   1.832      0.538545
   1.836      0.537597
   1.839      0.536650
   1.843      0.535705
   1.847      0.534762
   1.850      0.533822
   1.854      0.532883
   1.858      0.531946
   1.861      0.531012
   1.865      0.530079
   1.869      0.529149
   1.872      0.528220
   1.876      0.527294
   1.880      0.526370
   1.883      0.525448
   1.887      0.524528
   1.891      0.523610
   1.894      0.522694
   1.898      0.521780
   1.902      0.520869
   1.905      0.519959
   1.909      0.519052
   1.913      0.518147
   1.916      0.517243
   1.920      0.516342
   1.924      0.515443
   1.927      0.514546
   1.931      0.513652
   1.935      0.512759
   1.938      0.511869
   1.942      0.510980
   1.946      0.510094
   1.949      0.509210
   1.953      0.508328
   1.957      0.507448
   1.960      0.506571
   1.964      0.505695
   1.968      0.504822
   1.971      0.503950
   1.975      0.503081
   1.979      0.502214
   1.982      0.501349
   1.986      0.500487
   1.990      0.499626
   1.993      0.498768
   1.997      0.497912
   2.001      0.497057
   2.004      0.496206
   2.008      0.495356
   2.012      0.494508
   2.015      0.493662
   2.019      0.492819
   2.023      0.491978
   2.026      0.491139
   2.030      0.490302
   2.034      0.489467
   2.037      0.488634
   2.041      0.487804
   2.045      0.486975
   2.049      0.486149
   2.052      0.485325
   2.056      0.484503
   2.060      0.483683
   2.063      0.482865
   2.067      0.482050
   2.071      0.481236
   2.074      0.480425
   2.078      0.479616
   2.082      0.478809
   2.085      0.478004
   2.089      0.477201
   2.093      0.476400
   2.096      0.475602
   2.100      0.474805
   2.104      0.474011
   2.107      0.473219
   2.111      0.472429
   2.115      0.471641
   2.118      0.470855
   2.122      0.470071
   2.126      0.469290
   2.129      0.468510
   2.133      0.467733
   2.137      0.466957
   2.140      0.466184
   2.144      0.465413
   2.148      0.464644
   2.151      0.463877
   2.155      0.463112
   2.159      0.462349
   2.162      0.461588
   2.166      0.460829
   2.170      0.460073
   2.173      0.459318
   2.177      0.458566
   2.181      0.457815
   2.184      0.457067
   2.188      0.456321
   2.192      0.455576
   2.195      0.454834
   2.199      0.454094
   2.203      0.453356
   2.206      0.452620
   2.210      0.451886
   2.214      0.451154
   2.217      0.450424
   2.221      0.449696
   2.225      0.448970
   2.228      0.448246
   2.232      0.447524
   2.236      0.446804
   2.239      0.446087
   2.243      0.445371
   2.247      0.444657
   2.250      0.443945
   2.254      0.443235
   2.258      0.442527
   2.261      0.441821
   2.265      0.441117
   2.269      0.440415
   2.272      0.439715
   2.276      0.439017
   2.280      0.438321
   2.283      0.437627
   2.287      0.436935
   2.291      0.436245
   2.294      0.435556
   2.298      0.434870
   2.302      0.434186
   2.305      0.433503
   2.309      0.432823
   2.313      0.432144
   2.317      0.431467
   2.320      0.430793
   2.324      0.430120
   2.328      0.429449
   2.331      0.428780
   2.335      0.428113
   2.339      0.427447
   2.342      0.426784
   2.346      0.426122
   2.350      0.425463
   2.353      0.424805
   2.357      0.424149
   2.361      0.423495
   2.364      0.422843
   2.368      0.422193
   2.372      0.421544
   2.375      0.420897
   2.379      0.420253
   2.383      0.419610
   2.386      0.418968
   2.390      0.418329
   2.394      0.417692
   2.397      0.417056
   2.401      0.416422
   2.405      0.415790
   2.408      0.415160
   2.412      0.414531
   2.416      0.413905
   2.419      0.413280
   2.423      0.412657
   2.427      0.412035
   2.430      0.411416
   2.434      0.410798
   2.438      0.410182
   2.441      0.409567
   2.445      0.408955
   2.449      0.408344
   2.452      0.407735
   2.456      0.407127
   2.460      0.406522
   2.463      0.405918
   2.467      0.405316
   2.471      0.404715
   2.474      0.404116
   2.478      0.403519
   2.482      0.402924
   2.485      0.402330
   2.489      0.401738
   2.493      0.401148
   2.496      0.400559
   2.500      0.399972
   2.504      0.399387
   2.507      0.398803
   2.511      0.398221
   2.515      0.397641
   2.518      0.397062
   2.522      0.396485
   2.526      0.395909
   2.529      0.395336
   2.533      0.394763
   2.537      0.394193
   2.540      0.393624
   2.544      0.393056
   2.548      0.392491
   2.551      0.391926
   2.555      0.391364
   2.559      0.390803
   2.562      0.390243
   2.566      0.389685
   2.570      0.389129
   2.573      0.388574
   2.577      0.388021
   2.581      0.387470
   2.585      0.386919
   2.588      0.386371
   2.592      0.385824
   2.596      0.385278
   2.599      0.384734
   2.603      0.384192
   2.607      0.383651
   2.610      0.383111
   2.614      0.382574
   2.618      0.382037
   2.621      0.381502
   2.625      0.380969
   2.629      0.380437
   2.632      0.379906
   2.636      0.379377
   2.640      0.378850
   2.643      0.378323
   2.647      0.377799
   2.651      0.377276
   2.654      0.376754
   2.658      0.376233
   2.662      0.375714
   2.665      0.375197
   2.669      0.374681
   2.673      0.374166
   2.676      0.373653
   2.680      0.373141
   2.684      0.372631
   2.687      0.372122
   2.691      0.371614
   2.695      0.371108
   2.698      0.370603
   2.702      0.370099
   2.706      0.369597
   2.709      0.369096
   2.713      0.368597
   2.717      0.368099
   2.720      0.367602
   2.724      0.367107
   2.728      0.366612
   2.731      0.366120
   2.735      0.365628
   2.739      0.365138
   2.742      0.364649
   2.746      0.364162
   2.750      0.363676
   2.753      0.363191
   2.757      0.362707
   2.761      0.362225
   2.764      0.361744
   2.768      0.361264
   2.772      0.360786
   2.775      0.360308
   2.779      0.359832
   2.783      0.359358
   2.786      0.358884
   2.790      0.358412
   2.794      0.357941
   2.797      0.357471
   2.801      0.357003
   2.805      0.356535
   2.808      0.356069
   2.812      0.355605
   2.816      0.355141
   2.819      0.354678
   2.823      0.354217
   2.827      0.353757
   2.830      0.353298
   2.834      0.352841
   2.838      0.352384
   2.841      0.351929
   2.845      0.351475
   2.849      0.351022
   2.852      0.350570
   2.856      0.350120
   2.860      0.349670
   2.864      0.349222
   2.867      0.348775
   2.871      0.348329
   2.875      0.347884
   2.878      0.347440
   2.882      0.346998
   2.886      0.346556
   2.889      0.346116
   2.893      0.345676
   2.897      0.345238
   2.900      0.344801
   2.904      0.344365
   2.908      0.343931
   2.911      0.343497
   2.915      0.343064
   2.919      0.342633
   2.922      0.342202
   2.926      0.341773
   2.930      0.341345
   2.933      0.340917
   2.937      0.340491
