   0.000      5.284354
   0.003      5.273766
   0.005      5.263178
   0.007      5.251015
   0.010      5.238393
   0.013      5.225606
   0.015      5.212750
   0.018      5.199870
   0.020      5.186986
   0.022      5.174109
   0.025      5.161247
   0.027      5.148405
   0.030      5.135585
   0.032      5.122789
   0.035      5.110019
   0.037      5.097275
   0.040      5.084560
   0.043      5.071872
   0.045      5.059214
   0.048      5.046584
   0.050      5.033983
   0.053      5.021413
   0.055      5.008871
   0.058      4.996360
   0.060      4.983878
   0.063      4.971426
   0.065      4.959005
   0.068      4.946613
   0.070      4.934251
   0.073      4.921920
   0.075      4.909618
   0.078      4.897347
   0.080      4.885106
   0.083      4.872894
   0.085      4.860713
   0.088      4.848562
   0.090      4.836441
   0.093      4.824350
   0.095      4.812289
   0.098      4.800257
   0.100      4.788256
   0.103      4.776284
   0.105      4.764342
   0.108      4.752430
   0.110      4.740548
   0.113      4.728695
   0.115      4.716872
   0.118      4.705079
   0.120      4.693315
   0.123      4.681581
   0.125      4.669876
   0.128      4.658200
   0.130      4.646554
   0.133      4.634937
   0.135      4.623349
   0.138      4.611791
   0.140      4.600261
   0.143      4.588761
   0.145      4.577290
   0.148      4.565848
   0.150      4.554434
   0.153      4.543050
   0.155      4.531694
   0.158      4.520367
   0.160      4.509069
   0.163      4.497800
   0.165      4.486559
   0.168      4.475347
   0.170      4.464163
   0.173      4.453008
   0.175      4.441881
   0.178      4.430782
   0.180      4.419712
   0.183      4.408669
   0.185      4.397655
   0.188      4.386669
   0.190      4.375712
   0.193      4.364782
   0.195      4.353880
   0.198      4.343005
   0.200      4.332159
   0.203      4.321341
   0.205      4.310550
   0.208      4.299786
   0.210      4.289051
   0.213      4.278342
   0.215      4.267662
   0.218      4.257008
   0.220      4.246382
   0.223      4.235784
   0.225      4.225212
   0.228      4.214668
   0.230      4.204150
   0.233      4.193660
   0.235      4.183197
   0.238      4.172760
   0.240      4.162351
   0.243      4.151968
   0.245      4.141612
   0.248      4.131283
   0.250      4.120980
   0.253      4.110704
   0.255      4.100454
   0.258      4.090231
   0.260      4.080034
   0.263      4.069864
   0.265      4.059719
   0.268      4.049601
   0.270      4.039509
   0.273      4.029443
   0.275      4.019403
   0.278      4.009389
   0.280      3.999401
   0.283      3.989439
   0.285      3.979503
   0.288      3.969592
   0.290      3.959707
   0.293      3.949847
   0.295      3.940013
   0.298      3.930205
   0.300      3.920421
   0.303      3.910664
   0.305      3.900931
   0.308      3.891224
   0.310      3.881541
   0.313      3.871884
   0.315      3.862252
   0.318      3.852645
   0.320      3.843063
   0.323      3.833506
   0.325      3.823973
   0.328      3.814465
   0.330      3.804982
   0.333      3.795524
   0.335      3.786090
   0.338      3.776680
   0.340      3.767295
   0.343      3.757934
   0.345      3.748598
   0.348      3.739286
   0.350      3.729998
   0.353      3.720734
   0.355      3.711494
   0.358      3.702278
   0.360      3.693086
   0.363      3.683919
   0.365      3.674774
   0.368      3.665654
   0.370      3.656557
   0.373      3.647484
   0.375      3.638435
   0.378      3.629409
   0.380      3.620406
   0.383      3.611427
   0.385      3.602472
   0.388      3.593539
   0.390      3.584630
   0.393      3.575744
   0.395      3.566881
   0.398      3.558041
   0.400      3.549224
   0.403      3.540430
   0.405      3.531659
   0.408      3.522911
   0.410      3.514185
   0.413      3.505482
   0.415      3.496802
   0.418      3.488144
   0.420      3.479509
   0.423      3.470896
   0.425      3.462306
   0.428      3.453738
   0.430      3.445192
   0.433      3.436669
   0.435      3.428168
   0.438      3.419688
   0.440      3.411231
   0.443      3.402796
   0.445      3.394383
   0.448      3.385991
   0.450      3.377622
   0.453      3.369274
   0.455      3.360948
   0.458      3.352643
   0.460      3.344360
   0.463      3.336099
   0.465      3.327859
   0.468      3.319640
   0.470      3.311443
   0.473      3.303267
   0.475      3.295113
   0.478      3.286979
   0.480      3.278867
   0.483      3.270775
   0.485      3.262705
   0.488      3.254656
   0.490      3.246627
   0.493      3.238620
   0.495      3.230633
   0.498      3.222667
   0.500      3.214722
   0.503      3.206797
   0.505      3.198893
   0.508      3.191009
   0.510      3.183146
   0.513      3.175303
   0.515      3.167480
   0.517      3.159678
   0.520      3.151896
   0.522      3.144134
   0.525      3.136392
   0.527      3.128671
   0.530      3.120969
   0.532      3.113287
   0.535      3.105626
   0.537      3.097984
   0.540      3.090361
   0.542      3.082759
   0.545      3.075176
   0.547      3.067613
   0.550      3.060070
   0.552      3.052546
   0.555      3.045041
   0.557      3.037556
   0.560      3.030090
   0.562      3.022643
   0.565      3.015216
   0.567      3.007808
   0.570      3.000419
   0.572      2.993050
   0.575      2.985699
   0.577      2.978367
   0.580      2.971054
   0.582      2.963760
   0.585      2.956485
   0.587      2.949229
   0.590      2.941991
   0.592      2.934772
   0.595      2.927572
   0.597      2.920390
   0.600      2.913227
   0.602      2.906082
   0.605      2.898956
   0.607      2.891848
   0.610      2.884758
   0.612      2.877687
   0.615      2.870633
   0.617      2.863598
   0.620      2.856581
   0.622      2.849582
   0.625      2.842602
   0.627      2.835639
   0.630      2.828694
   0.632      2.821767
   0.635      2.814857
   0.637      2.807966
   0.640      2.801092
   0.642      2.794235
   0.645      2.787397
   0.647      2.780576
   0.650      2.773772
   0.652      2.766986
   0.655      2.760218
   0.657      2.753466
   0.660      2.746732
   0.662      2.740015
   0.665      2.733316
   0.667      2.726634
   0.670      2.719968
   0.672      2.713320
   0.675      2.706689
   0.677      2.700075
   0.680      2.693478
   0.682      2.686897
   0.685      2.680334
   0.687      2.673787
   0.690      2.667257
   0.692      2.660744
   0.695      2.654247
   0.697      2.647767
   0.700      2.641304
   0.702      2.634857
   0.705      2.628426
   0.707      2.622012
   0.710      2.615614
   0.712      2.609233
   0.715      2.602867
   0.717      2.596518
   0.720      2.590186
   0.722      2.583869
   0.725      2.577568
   0.727      2.571284
   0.730      2.565015
   0.732      2.558763
   0.735      2.552526
   0.737      2.546305
   0.740      2.540100
   0.742      2.533911
   0.745      2.527737
   0.747      2.521579
   0.750      2.515437
   0.752      2.509311
   0.755      2.503199
   0.757      2.497104
   0.760      2.491024
   0.762      2.484959
   0.765      2.478910
   0.767      2.472876
   0.770      2.466857
   0.772      2.460854
   0.775      2.454865
   0.777      2.448892
   0.780      2.442934
   0.782      2.436991
   0.785      2.431063
   0.787      2.425150
   0.790      2.419252
   0.792      2.413369
   0.795      2.407501
   0.797      2.401647
   0.800      2.395809
   0.802      2.389985
   0.805      2.384176
   0.807      2.378381
   0.810      2.372601
   0.812      2.366835
   0.815      2.361084
   0.817      2.355348
   0.820      2.349626
   0.822      2.343918
   0.825      2.338225
   0.827      2.332546
   0.830      2.326881
   0.832      2.321231
   0.835      2.315595
   0.837      2.309973
   0.840      2.304365
   0.842      2.298771
   0.845      2.293191
   0.847      2.287625
   0.850      2.282073
   0.852      2.276535
   0.855      2.271011
   0.857      2.265500
   0.860      2.260004
   0.862      2.254521
   0.865      2.249052
   0.867      2.243596
   0.870      2.238155
   0.872      2.232726
   0.875      2.227312
   0.877      2.221911
   0.880      2.216523
   0.882      2.211149
   0.885      2.205788
   0.887      2.200441
   0.890      2.195107
   0.892      2.189786
   0.895      2.184478
   0.897      2.179184
   0.900      2.173903
   0.902      2.168635
   0.905      2.163380
   0.907      2.158138
   0.910      2.152909
   0.912      2.147694
   0.915      2.142491
   0.917      2.137301
   0.920      2.132124
   0.922      2.126959
   0.925      2.121808
   0.927      2.116669
   0.930      2.111543
   0.932      2.106430
   0.935      2.101330
   0.937      2.096242
   0.940      2.091166
   0.942      2.086104
   0.945      2.081053
   0.947      2.076016
   0.950      2.070990
   0.952      2.065977
   0.955      2.060977
   0.957      2.055989
   0.960      2.051013
   0.962      2.046049
   0.965      2.041098
   0.967      2.036158
   0.970      2.031231
   0.972      2.026317
   0.975      2.021414
   0.977      2.016523
   0.980      2.011644
   0.982      2.006778
   0.985      2.001923
   0.987      1.997080
   0.990      1.992249
   0.992      1.987430
   0.995      1.982623
   0.997      1.977827
   1.000      1.973044
   1.002      1.968272
   1.005      1.963512
   1.007      1.958763
   1.010      1.954026
   1.012      1.949301
   1.015      1.944587
   1.017      1.939885
   1.020      1.935194
   1.022      1.930514
   1.025      1.925847
   1.027      1.921190
   1.030      1.916545
   1.032      1.911911
   1.035      1.907289
   1.037      1.902677
   1.040      1.898077
   1.042      1.893489
   1.045      1.888911
   1.047      1.884345
   1.050      1.879789
   1.052      1.875245
   1.055      1.870712
   1.057      1.866190
   1.060      1.861678
   1.062      1.857178
   1.065      1.852689
   1.067      1.848210
   1.070      1.843743
   1.072      1.839286
   1.075      1.834840
   1.077      1.830405
   1.080      1.825981
   1.082      1.821567
   1.085      1.817164
   1.087      1.812772
   1.090      1.808390
   1.092      1.804019
   1.095      1.799658
   1.097      1.795308
   1.100      1.790968
   1.102      1.786639
   1.105      1.782321
   1.107      1.778013
   1.110      1.773715
   1.112      1.769427
   1.115      1.765150
   1.117      1.760883
   1.120      1.756627
   1.122      1.752380
   1.125      1.748144
   1.127      1.743918
   1.130      1.739702
   1.132      1.735497
   1.135      1.731301
   1.137      1.727116
   1.140      1.722940
   1.142      1.718775
   1.145      1.714619
   1.147      1.710474
   1.150      1.706338
   1.152      1.702213
   1.155      1.698097
   1.157      1.693991
   1.160      1.689895
   1.162      1.685809
   1.165      1.681732
   1.167      1.677665
   1.170      1.673608
   1.172      1.669561
   1.175      1.665523
   1.177      1.661495
   1.180      1.657476
   1.182      1.653467
   1.185      1.649468
   1.187      1.645478
   1.190      1.641498
   1.192      1.637527
   1.195      1.633565
   1.197      1.629613
   1.200      1.625671
   1.202      1.621737
   1.205      1.617813
   1.207      1.613899
   1.210      1.609993
   1.212      1.606097
   1.215      1.602210
   1.217      1.598333
   1.220      1.594464
   1.222      1.590605
   1.225      1.586755
   1.227      1.582914
   1.230      1.579082
   1.232      1.575259
   1.235      1.571445
   1.237      1.567640
   1.240      1.563844
   1.242      1.560058
   1.245      1.556280
   1.247      1.552511
   1.250      1.548750
   1.252      1.544999
   1.255      1.541257
   1.257      1.537523
   1.260      1.533798
   1.262      1.530082
   1.265      1.526375
   1.267      1.522676
   1.270      1.518986
   1.272      1.515305
   1.275      1.511632
   1.277      1.507968
   1.280      1.504312
   1.282      1.500666
   1.285      1.497027
   1.287      1.493398
   1.290      1.489776
   1.292      1.486163
   1.295      1.482559
   1.297      1.478963
   1.300      1.475376
   1.302      1.471797
   1.305      1.468226
   1.307      1.464663
   1.310      1.461109
   1.312      1.457564
   1.315      1.454026
   1.317      1.450497
   1.320      1.446976
   1.322      1.443463
   1.325      1.439958
   1.327      1.436462
   1.330      1.432974
   1.332      1.429493
   1.335      1.426021
   1.337      1.422557
   1.340      1.419101
   1.342      1.415653
   1.345      1.412213
   1.347      1.408781
   1.350      1.405357
   1.352      1.401941
   1.355      1.398533
   1.357      1.395133
   1.360      1.391740
   1.362      1.388356
   1.365      1.384979
   1.367      1.381610
   1.370      1.378249
   1.372      1.374896
   1.375      1.371550
   1.377      1.368212
   1.380      1.364882
   1.382      1.361560
   1.385      1.358245
   1.387      1.354938
   1.390      1.351638
   1.392      1.348347
   1.395      1.345062
   1.397      1.341786
   1.400      1.338516
   1.402      1.335255
   1.405      1.332001
   1.407      1.328754
   1.410      1.325515
   1.412      1.322283
   1.415      1.319058
   1.417      1.315842
   1.420      1.312632
   1.422      1.309430
   1.425      1.306235
   1.427      1.303047
   1.430      1.299867
   1.432      1.296694
   1.435      1.293528
   1.437      1.290370
   1.440      1.287219
   1.442      1.284075
   1.445      1.280938
   1.447      1.277808
   1.450      1.274686
   1.452      1.271570
   1.455      1.268462
   1.457      1.265361
   1.460      1.262267
   1.462      1.259180
   1.465      1.256100
   1.467      1.253027
   1.470      1.249961
   1.472      1.246902
   1.475      1.243850
   1.477      1.240805
   1.480      1.237767
   1.482      1.234735
   1.485      1.231711
   1.487      1.228693
   1.490      1.225683
   1.492      1.222679
   1.495      1.219682
   1.497      1.216692
   1.500      1.213708
   1.502      1.210732
   1.505      1.207762
   1.507      1.204798
   1.510      1.201842
   1.512      1.198892
   1.515      1.195949
   1.517      1.193012
   1.520      1.190083
   1.522      1.187159
   1.525      1.184243
   1.527      1.181333
   1.530      1.178429
   1.532      1.175532
   1.535      1.172642
   1.537      1.169758
   1.540      1.166880
   1.542      1.164010
   1.545      1.161145
   1.547      1.158287
   1.550      1.155436
   1.552      1.152590
   1.555      1.149752
   1.557      1.146919
   1.560      1.144093
   1.562      1.141273
   1.565      1.138460
   1.567      1.135653
   1.570      1.132852
   1.572      1.130058
   1.575      1.127270
   1.577      1.124488
   1.580      1.121712
   1.582      1.118942
   1.585      1.116179
   1.587      1.113422
   1.590      1.110671
   1.592      1.107926
   1.595      1.105188
   1.597      1.102455
   1.600      1.099728
   1.602      1.097008
   1.605      1.094294
   1.607      1.091586
   1.610      1.088883
   1.612      1.086187
   1.615      1.083497
   1.617      1.080813
   1.620      1.078134
   1.622      1.075462
   1.625      1.072796
   1.627      1.070136
   1.630      1.067481
   1.632      1.064832
   1.635      1.062190
   1.637      1.059553
   1.640      1.056922
   1.642      1.054297
   1.645      1.051677
   1.647      1.049064
   1.650      1.046456
   1.652      1.043854
   1.655      1.041258
   1.657      1.038668
   1.660      1.036083
   1.662      1.033504
   1.665      1.030931
   1.667      1.028363
   1.670      1.025801
   1.672      1.023245
   1.675      1.020694
   1.677      1.018149
   1.680      1.015610
   1.682      1.013076
   1.685      1.010548
   1.687      1.008026
   1.690      1.005508
   1.692      1.002997
   1.695      1.000491
   1.697      0.997991
   1.700      0.995496
   1.702      0.993006
   1.705      0.990522
   1.707      0.988044
   1.710      0.985571
   1.712      0.983103
   1.715      0.980641
   1.717      0.978184
   1.720      0.975732
   1.722      0.973286
   1.725      0.970846
   1.727      0.968410
   1.730      0.965980
   1.732      0.963556
   1.735      0.961136
   1.737      0.958722
   1.740      0.956313
   1.742      0.953910
   1.745      0.951511
   1.747      0.949118
   1.750      0.946731
   1.752      0.944348
   1.755      0.941971
   1.757      0.939598
   1.760      0.937231
   1.762      0.934869
   1.765      0.932513
   1.767      0.930161
   1.770      0.927815
   1.772      0.925473
   1.775      0.923137
   1.777      0.920806
   1.780      0.918480
   1.782      0.916159
   1.785      0.913843
   1.787      0.911532
   1.790      0.909226
   1.792      0.906925
   1.795      0.904629
   1.797      0.902338
   1.800      0.900052
   1.802      0.897771
   1.805      0.895495
   1.807      0.893223
   1.810      0.890957
   1.812      0.888696
   1.815      0.886439
   1.817      0.884188
   1.820      0.881941
   1.822      0.879699
   1.825      0.877462
   1.827      0.875230
   1.830      0.873003
   1.832      0.870780
   1.835      0.868563
   1.837      0.866350
   1.840      0.864142
   1.842      0.861938
   1.845      0.859739
   1.847      0.857546
   1.850      0.855356
   1.852      0.853172
   1.855      0.850992
   1.857      0.848817
   1.860      0.846647
   1.862      0.844481
   1.865      0.842320
   1.867      0.840163
   1.870      0.838012
   1.872      0.835864
   1.875      0.833722
   1.877      0.831584
   1.880      0.829450
   1.882      0.827322
   1.885      0.825197
   1.887      0.823078
   1.890      0.820963
   1.892      0.818852
   1.895      0.816746
   1.897      0.814644
   1.900      0.812547
   1.902      0.810455
   1.905      0.808366
   1.907      0.806283
   1.910      0.804203
   1.912      0.802129
   1.915      0.800058
   1.917      0.797992
   1.920      0.795931
   1.922      0.793874
   1.925      0.791821
   1.927      0.789773
   1.930      0.787729
   1.932      0.785689
   1.935      0.783654
   1.937      0.781623
   1.940      0.779596
   1.942      0.777574
   1.945      0.775556
   1.947      0.773542
   1.950      0.771532
   1.952      0.769527
   1.955      0.767526
   1.957      0.765530
   1.960      0.763537
   1.962      0.761549
   1.965      0.759565
   1.967      0.757585
   1.970      0.755610
   1.972      0.753638
   1.975      0.751671
   1.977      0.749708
   1.980      0.747749
   1.982      0.745794
   1.985      0.743843
   1.987      0.741897
   1.990      0.739954
   1.992      0.738016
   1.995      0.736082
   1.997      0.734152
   2.000      0.732226
   2.002      0.730304
   2.005      0.728386
   2.007      0.726472
   2.010      0.724562
   2.012      0.722656
   2.015      0.720755
   2.017      0.718857
   2.020      0.716963
   2.022      0.715073
   2.025      0.713187
   2.027      0.711305
   2.030      0.709427
   2.032      0.707553
   2.035      0.705683
   2.037      0.703817
   2.040      0.701955
   2.042      0.700097
   2.045      0.698243
   2.047      0.696392
   2.050      0.694545
   2.052      0.692703
   2.055      0.690864
   2.057      0.689029
   2.060      0.687198
   2.062      0.685370
   2.065      0.683547
   2.067      0.681727
   2.070      0.679911
   2.072      0.678099
   2.075      0.676291
   2.077      0.674486
   2.080      0.672685
   2.082      0.670889
   2.085      0.669095
   2.087      0.667306
   2.090      0.665520
   2.092      0.663738
   2.095      0.661960
   2.097      0.660185
   2.100      0.658414
   2.102      0.656647
   2.105      0.654883
   2.107      0.653123
   2.110      0.651367
   2.112      0.649615
   2.115      0.647866
   2.117      0.646120
   2.120      0.644379
   2.122      0.642641
   2.125      0.640906
   2.127      0.639175
   2.130      0.637448
   2.132      0.635725
   2.135      0.634004
   2.137      0.632288
   2.140      0.630575
   2.142      0.628866
   2.145      0.627160
   2.147      0.625457
   2.150      0.623759
   2.152      0.622063
   2.155      0.620371
   2.157      0.618683
   2.160      0.616998
   2.162      0.615317
   2.165      0.613639
   2.167      0.611965
   2.170      0.610294
   2.172      0.608627
   2.175      0.606962
   2.177      0.605302
   2.180      0.603645
   2.182      0.601991
   2.185      0.600341
   2.187      0.598694
   2.190      0.597050
   2.192      0.595410
   2.195      0.593773
   2.197      0.592140
   2.200      0.590510
   2.202      0.588883
   2.205      0.587260
   2.207      0.585640
   2.210      0.584023
   2.212      0.582410
   2.215      0.580799
   2.217      0.579193
   2.220      0.577589
   2.222      0.575989
   2.225      0.574392
   2.227      0.572799
   2.230      0.571208
   2.232      0.569621
   2.235      0.568037
   2.237      0.566457
   2.240      0.564879
   2.242      0.563305
   2.245      0.561734
   2.247      0.560166
   2.250      0.558602
   2.252      0.557041
   2.255      0.555483
   2.257      0.553928
   2.260      0.552376
   2.262      0.550827
   2.265      0.549282
   2.267      0.547739
   2.270      0.546200
   2.272      0.544664
   2.275      0.543131
   2.277      0.541602
   2.280      0.540075
   2.282      0.538551
   2.285      0.537031
   2.287      0.535514
   2.290      0.533999
   2.292      0.532488
   2.295      0.530980
   2.297      0.529475
   2.300      0.527973
   2.302      0.526474
   2.305      0.524978
   2.307      0.523485
   2.310      0.521996
   2.312      0.520509
   2.315      0.519025
   2.317      0.517544
   2.320      0.516066
   2.322      0.514592
   2.325      0.513120
   2.327      0.511651
   2.330      0.510185
   2.332      0.508722
   2.335      0.507262
   2.337      0.505805
   2.340      0.504351
   2.342      0.502900
   2.345      0.501452
   2.347      0.500007
   2.350      0.498564
   2.352      0.497125
   2.355      0.495688
   2.357      0.494255
   2.360      0.492824
   2.362      0.491396
   2.365      0.489971
   2.367      0.488549
   2.370      0.487130
   2.372      0.485713
   2.375      0.484300
   2.377      0.482889
   2.380      0.481481
   2.382      0.480076
   2.385      0.478674
   2.387      0.477274
   2.390      0.475878
   2.392      0.474484
   2.395      0.473093
   2.397      0.471705
   2.400      0.470319
   2.402      0.468936
   2.405      0.467557
   2.407      0.466179
   2.410      0.464805
   2.412      0.463433
   2.415      0.462065
   2.417      0.460698
   2.420      0.459335
   2.422      0.457974
   2.425      0.456616
   2.427      0.455261
   2.430      0.453909
   2.432      0.452559
   2.435      0.451212
   2.437      0.449867
   2.440      0.448525
   2.442      0.447186
   2.445      0.445850
   2.447      0.444516
   2.450      0.443185
   2.452      0.441856
   2.455      0.440530
   2.457      0.439207
   2.460      0.437887
   2.462      0.436569
   2.465      0.435253
   2.467      0.433941
   2.470      0.432631
   2.472      0.431323
   2.475      0.430018
   2.477      0.428716
   2.480      0.427416
   2.482      0.426119
   2.485      0.424824
   2.487      0.423532
   2.490      0.422243
   2.492      0.420956
   2.495      0.419672
   2.497      0.418390
   2.500      0.417111
   2.502      0.415834
   2.505      0.414560
   2.507      0.413288
   2.510      0.412019
   2.512      0.410752
   2.515      0.409488
   2.517      0.408226
   2.520      0.406967
   2.522      0.405710
   2.525      0.404456
   2.527      0.403204
   2.530      0.401955
   2.532      0.400708
   2.535      0.399463
   2.537      0.398221
   2.540      0.396982
   2.542      0.395745
   2.545      0.394510
   2.547      0.393278
   2.550      0.392048
   2.552      0.390821
   2.555      0.389596
   2.557      0.388373
   2.560      0.387153
   2.562      0.385935
   2.565      0.384720
   2.567      0.383507
   2.570      0.382296
   2.572      0.381088
   2.575      0.379882
   2.577      0.378679
   2.580      0.377477
   2.582      0.376278
   2.585      0.375082
   2.587      0.373888
   2.590      0.372696
   2.592      0.371507
   2.595      0.370319
   2.597      0.369134
   2.600      0.367952
   2.602      0.366772
   2.605      0.365594
   2.607      0.364418
   2.610      0.363245
   2.612      0.362074
   2.615      0.360905
   2.617      0.359738
   2.620      0.358574
   2.622      0.357412
   2.625      0.356252
   2.627      0.355095
   2.630      0.353940
   2.632      0.352787
   2.635      0.351636
   2.637      0.350487
   2.640      0.349341
   2.642      0.348197
   2.645      0.347055
   2.647      0.345915
   2.650      0.344778
   2.652      0.343643
   2.655      0.342510
   2.657      0.341379
   2.660      0.340250
   2.662      0.339124
   2.665      0.337999
   2.667      0.336877
   2.670      0.335757
   2.672      0.334639
   2.675      0.333524
   2.677      0.332410
   2.680      0.331299
   2.682      0.330190
   2.685      0.329083
   2.687      0.327978
   2.690      0.326875
   2.692      0.325774
   2.695      0.324676
   2.697      0.323579
   2.700      0.322485
   2.702      0.321393
   2.705      0.320302
   2.707      0.319214
   2.710      0.318128
   2.712      0.317044
   2.715      0.315963
   2.717      0.314883
   2.720      0.313805
   2.722      0.312729
   2.725      0.311656
   2.727      0.310584
   2.730      0.309515
   2.732      0.308447
   2.735      0.307382
   2.737      0.306319
   2.740      0.305257
   2.742      0.304198
   2.745      0.303141
   2.747      0.302086
   2.750      0.301032
   2.752      0.299981
   2.755      0.298932
   2.757      0.297885
   2.760      0.296839
   2.762      0.295796
   2.765      0.294755
   2.767      0.293716
   2.770      0.292678
   2.772      0.291643
   2.775      0.290610
   2.777      0.289578
   2.780      0.288549
   2.782      0.287521
   2.785      0.286496
   2.787      0.285472
   2.790      0.284450
   2.792      0.283431
   2.795      0.282413
   2.797      0.281397
   2.800      0.280383
   2.802      0.279371
   2.805      0.278361
   2.807      0.277352
   2.810      0.276346
   2.812      0.275342
   2.815      0.274339
   2.817      0.273339
   2.820      0.272340
   2.822      0.271343
   2.825      0.270348
   2.827      0.269355
   2.830      0.268363
   2.832      0.267374
   2.835      0.266386
   2.837      0.265401
   2.840      0.264417
   2.842      0.263435
   2.845      0.262455
   2.847      0.261476
   2.850      0.260500
   2.852      0.259525
   2.855      0.258552
   2.857      0.257581
   2.860      0.256612
   2.862      0.255645
   2.865      0.254679
   2.867      0.253716
   2.870      0.252754
   2.872      0.251793
   2.875      0.250835
   2.877      0.249878
   2.880      0.248924
   2.882      0.247971
   2.885      0.247019
   2.887      0.246070
   2.890      0.245122
   2.892      0.244176
   2.895      0.243232
   2.897      0.242289
   2.900      0.241349
   2.902      0.240410
   2.905      0.239473
   2.907      0.238537
   2.910      0.237603
   2.912      0.236671
   2.915      0.235741
   2.917      0.234813
   2.920      0.233886
   2.922      0.232961
   2.925      0.232037
   2.927      0.231115
   2.930      0.230195
   2.932      0.229277
   2.935      0.228360
   2.937      0.227446
   2.940      0.226532
   2.942      0.225621
   2.945      0.224711
   2.947      0.223803
   2.950      0.222896
   2.952      0.221991
   2.955      0.221088
   2.957      0.220186
   2.960      0.219287
   2.962      0.218388
   2.965      0.217492
   2.967      0.216597
   2.970      0.215703
   2.972      0.214812
   2.975      0.213922
   2.977      0.213033
   2.980      0.212146
   2.982      0.211261
   2.985      0.210378
   2.987      0.209496
   2.990      0.208615
   2.992      0.207737
   2.995      0.206859
   2.997      0.205984
   3.000      0.205110
   3.002      0.204238
   3.005      0.203367
   3.007      0.202498
   3.010      0.201630
   3.012      0.200764
   3.015      0.199900
   3.017      0.199037
   3.020      0.198175
   3.022      0.197316
   3.025      0.196457
   3.027      0.195601
   3.030      0.194746
   3.032      0.193892
   3.035      0.193040
   3.037      0.192189
   3.040      0.191340
   3.042      0.190493
   3.045      0.189647
   3.047      0.188803
   3.050      0.187960
   3.052      0.187119
   3.055      0.186279
   3.057      0.185440
   3.060      0.184604
   3.062      0.183768
   3.065      0.182934
   3.067      0.182102
   3.070      0.181271
   3.072      0.180442
   3.075      0.179614
   3.077      0.178788
   3.080      0.177963
   3.082      0.177139
   3.085      0.176317
   3.087      0.175497
   3.090      0.174678
   3.092      0.173860
   3.095      0.173044
   3.097      0.172230
   3.100      0.171416
   3.102      0.170605
   3.105      0.169794
   3.107      0.168985
   3.110      0.168178
   3.112      0.167372
   3.115      0.166567
   3.117      0.165764
   3.120      0.164962
   3.122      0.164162
   3.125      0.163363
   3.127      0.162566
   3.130      0.161770
   3.132      0.160975
   3.135      0.160182
   3.137      0.159390
   3.140      0.158599
   3.142      0.157810
   3.145      0.157023
   3.147      0.156236
   3.150      0.155451
   3.152      0.154668
   3.155      0.153886
   3.157      0.153105
   3.160      0.152325
   3.162      0.151547
   3.165      0.150770
   3.167      0.149995
   3.170      0.149221
   3.172      0.148448
   3.175      0.147677
   3.177      0.146907
   3.180      0.146139
   3.182      0.145371
   3.185      0.144605
   3.187      0.143841
   3.190      0.143077
   3.192      0.142315
   3.195      0.141555
   3.197      0.140795
   3.200      0.140037
   3.202      0.139281
   3.205      0.138525
   3.207      0.137771
   3.210      0.137019
   3.212      0.136267
   3.215      0.135517
   3.217      0.134768
   3.220      0.134020
   3.222      0.133274
   3.225      0.132529
   3.227      0.131785
   3.230      0.131043
   3.232      0.130302
   3.235      0.129562
   3.237      0.128823
   3.240      0.128086
   3.242      0.127350
   3.245      0.126615
   3.247      0.125881
   3.250      0.125149
   3.252      0.124418
   3.255      0.123688
   3.257      0.122959
   3.260      0.122232
   3.262      0.121506
   3.265      0.120781
   3.267      0.120057
   3.270      0.119335
   3.272      0.118613
   3.275      0.117893
   3.277      0.117175
   3.280      0.116457
   3.282      0.115741
   3.285      0.115026
   3.287      0.114312
   3.290      0.113599
   3.292      0.112887
   3.295      0.112177
   3.297      0.111468
   3.300      0.110760
   3.302      0.110053
   3.305      0.109348
   3.307      0.108643
   3.310      0.107940
   3.312      0.107238
   3.315      0.106537
   3.317      0.105838
   3.320      0.105139
   3.322      0.104442
   3.325      0.103746
   3.327      0.103051
   3.330      0.102357
   3.332      0.101664
   3.335      0.100972
   3.337      0.100282
   3.340      0.099593
   3.342      0.098905
   3.345      0.098218
   3.347      0.097532
   3.350      0.096847
   3.352      0.096164
   3.355      0.095481
   3.357      0.094800
   3.360      0.094120
   3.362      0.093440
   3.365      0.092762
   3.367      0.092086
   3.370      0.091410
   3.372      0.090735
   3.375      0.090062
   3.377      0.089389
   3.380      0.088718
   3.382      0.088048
   3.385      0.087379
   3.387      0.086710
   3.390      0.086043
   3.392      0.085378
   3.395      0.084713
   3.397      0.084049
   3.400      0.083386
   3.402      0.082725
   3.405      0.082064
   3.407      0.081405
   3.410      0.080747
   3.412      0.080089
   3.415      0.079433
   3.417      0.078778
   3.420      0.078124
   3.422      0.077471
   3.425      0.076819
   3.427      0.076168
   3.430      0.075518
   3.432      0.074869
   3.435      0.074221
   3.437      0.073574
   3.440      0.072928
   3.442      0.072283
   3.445      0.071640
   3.447      0.070997
   3.450      0.070355
   3.452      0.069715
   3.455      0.069075
   3.457      0.068436
   3.460      0.067799
   3.462      0.067162
   3.465      0.066526
   3.467      0.065892
   3.470      0.065258
   3.472      0.064626
   3.475      0.063994
   3.477      0.063363
   3.480      0.062734
   3.482      0.062105
   3.485      0.061477
   3.487      0.060851
   3.490      0.060225
   3.492      0.059600
   3.495      0.058976
   3.497      0.058354
   3.500      0.057732
   3.502      0.057111
   3.505      0.056491
   3.507      0.055872
   3.510      0.055254
   3.512      0.054637
   3.515      0.054021
   3.517      0.053406
   3.520      0.052792
   3.522      0.052179
   3.525      0.051566
   3.527      0.050955
   3.530      0.050345
   3.532      0.049735
   3.535      0.049127
   3.537      0.048519
   3.540      0.047912
   3.542      0.047306
   3.545      0.046702
   3.547      0.046098
   3.550      0.045495
   3.552      0.044893
   3.555      0.044291
   3.557      0.043691
   3.560      0.043092
   3.562      0.042493
   3.565      0.041896
   3.567      0.041299
   3.570      0.040703
   3.572      0.040108
   3.575      0.039514
   3.577      0.038921
   3.580      0.038329
   3.582      0.037738
   3.585      0.037147
   3.587      0.036558
   3.590      0.035969
   3.592      0.035381
   3.595      0.034794
   3.597      0.034208
   3.600      0.033623
   3.602      0.033039
   3.605      0.032455
   3.607      0.031873
   3.610      0.031291
   3.612      0.030710
   3.615      0.030130
   3.617      0.029551
   3.620      0.028972
   3.622      0.028395
   3.625      0.027818
   3.627      0.027242
   3.630      0.026667
   3.632      0.026093
   3.635      0.025520
   3.637      0.024947
   3.640      0.024375
   3.642      0.023805
   3.645      0.023235
   3.647      0.022665
   3.650      0.022097
   3.652      0.021529
   3.655      0.020962
   3.657      0.020396
   3.660      0.019831
   3.662      0.019267
   3.665      0.018703
   3.667      0.018141
   3.670      0.017579
   3.672      0.017017
   3.675      0.016457
   3.677      0.015897
   3.680      0.015338
   3.682      0.014780
   3.685      0.014223
   3.687      0.013667
   3.690      0.013111
   3.692      0.012556
   3.695      0.012002
   3.697      0.011448
   3.700      0.010896
   3.702      0.010344
   3.705      0.009793
   3.707      0.009242
   3.710      0.008693
   3.712      0.008144
   3.715      0.007596
   3.717      0.007048
   3.720      0.006502
   3.722      0.005956
   3.725      0.005411
   3.727      0.004867
   3.730      0.004323
   3.732      0.003780
   3.735      0.003238
   3.737      0.002696
   3.740      0.002156
   3.742      0.001616
   3.745      0.001076
   3.747      0.000538
   3.750      0.000000
