   0.000      3.681673
   0.004      3.681922
   0.007      3.682080
   0.011      3.681897
   0.015      3.681901
   0.018      3.682172
   0.022      3.682454
   0.025      3.682911
   0.029      3.683680
   0.033      3.684652
   0.036      3.686072
   0.040      3.687931
   0.044      3.690270
   0.047      3.693191
   0.051      3.696755
   0.055      3.700984
   0.058      3.705899
   0.062      3.711568
   0.065      3.717971
   0.069      3.725113
   0.073      3.732966
   0.076      3.741499
   0.080      3.750694
   0.084      3.760503
   0.087      3.770837
   0.091      3.781679
   0.095      3.792988
   0.098      3.804730
   0.102      3.816843
   0.106      3.829284
   0.109      3.842018
   0.113      3.855000
   0.116      3.868216
   0.120      3.881611
   0.124      3.895176
   0.127      3.908878
   0.131      3.922695
   0.135      3.936602
   0.138      3.950578
   0.142      3.964617
   0.146      3.978671
   0.149      3.992740
   0.153      4.006829
   0.156      4.020888
   0.160      4.034917
   0.164      4.048912
   0.167      4.062842
   0.171      4.076713
   0.175      4.090499
   0.178      4.104194
   0.182      4.117790
   0.186      4.131273
   0.189      4.144631
   0.193      4.157856
   0.196      4.170937
   0.200      4.183864
   0.204      4.196617
   0.207      4.209206
   0.211      4.221605
   0.215      4.233815
   0.218      4.245824
   0.222      4.257620
   0.226      4.269203
   0.229      4.280551
   0.233      4.291654
   0.236      4.302516
   0.240      4.313120
   0.244      4.323462
   0.247      4.333528
   0.251      4.343316
   0.255      4.352822
   0.258      4.362015
   0.262      4.370907
   0.266      4.379483
   0.269      4.387741
   0.273      4.395664
   0.276      4.403247
   0.280      4.410486
   0.284      4.417364
   0.287      4.423884
   0.291      4.430033
   0.295      4.435803
   0.298      4.441181
   0.302      4.446171
   0.306      4.450761
   0.309      4.454941
   0.313      4.458713
   0.317      4.462053
   0.320      4.464972
   0.324      4.467445
   0.327      4.469466
   0.331      4.471040
   0.335      4.472180
   0.338      4.472886
   0.342      4.473132
   0.346      4.472892
   0.349      4.472160
   0.353      4.470943
   0.357      4.469238
   0.360      4.467033
   0.364      4.464318
   0.367      4.461095
   0.371      4.457362
   0.375      4.453102
   0.378      4.448312
   0.382      4.442992
   0.386      4.437138
   0.389      4.430745
   0.393      4.423805
   0.397      4.416317
   0.400      4.408277
   0.404      4.399675
   0.407      4.390514
   0.411      4.380795
   0.415      4.370504
   0.418      4.359646
   0.422      4.348217
   0.426      4.336209
   0.429      4.323627
   0.433      4.310465
   0.437      4.296716
   0.440      4.282386
   0.444      4.267471
   0.447      4.251970
   0.451      4.235883
   0.455      4.219207
   0.458      4.201946
   0.462      4.184096
   0.466      4.165647
   0.469      4.146614
   0.473      4.126999
   0.477      4.106792
   0.480      4.085995
   0.484      4.064614
   0.488      4.042654
   0.491      4.020106
   0.495      3.996976
   0.498      3.973267
   0.502      3.948984
   0.506      3.924127
   0.509      3.898700
   0.513      3.872707
   0.517      3.846151
   0.520      3.819032
   0.524      3.791356
   0.528      3.763132
   0.531      3.734360
   0.535      3.705046
   0.538      3.675196
   0.542      3.644815
   0.546      3.613908
   0.549      3.582480
   0.553      3.550539
   0.557      3.518091
   0.560      3.485143
   0.564      3.451703
   0.568      3.417777
   0.571      3.383374
   0.575      3.348500
   0.578      3.313163
   0.582      3.277374
   0.586      3.241138
   0.589      3.204467
   0.593      3.167371
   0.597      3.129856
   0.600      3.091933
   0.604      3.053615
   0.608      3.014907
   0.611      2.975823
   0.615      2.936372
   0.618      2.896565
   0.622      2.856415
   0.626      2.815933
   0.629      2.775130
   0.633      2.734016
   0.637      2.692605
   0.640      2.650909
   0.644      2.608941
   0.648      2.566713
   0.651      2.524237
   0.655      2.481526
   0.658      2.438596
   0.662      2.395458
   0.666      2.352125
   0.669      2.308613
   0.673      2.264936
   0.677      2.221106
   0.680      2.177137
   0.684      2.133044
   0.688      2.088844
   0.691      2.044547
   0.695      2.000171
   0.699      1.955730
   0.702      1.911238
   0.706      1.866710
   0.709      1.822163
   0.713      1.777610
   0.717      1.733065
   0.720      1.688549
   0.724      1.644071
   0.728      1.599649
   0.731      1.555300
   0.735      1.511037
   0.739      1.466873
   0.742      1.422826
   0.746      1.378913
   0.749      1.335149
   0.753      1.291548
   0.757      1.248126
   0.760      1.204895
   0.764      1.161873
   0.768      1.119075
   0.771      1.076514
   0.775      1.034207
   0.779      0.992172
   0.782      0.950426
   0.786      0.908983
   0.789      0.867855
   0.793      0.827056
   0.797      0.786600
   0.800      0.746498
   0.804      0.706763
   0.808      0.667413
   0.811      0.628459
   0.815      0.589911
   0.819      0.551783
   0.822      0.514089
   0.826      0.476841
   0.829      0.440050
   0.833      0.403728
   0.837      0.367891
   0.840      0.332550
   0.844      0.297713
   0.848      0.263389
   0.851      0.229592
   0.855      0.196330
   0.859      0.163613
   0.862      0.131452
   0.866      0.099862
   0.870      0.068843
   0.873      0.038409
   0.877      0.008564
   0.880     -0.020684
   0.884     -0.049325
   0.888     -0.077354
   0.891     -0.104761
   0.895     -0.131539
   0.899     -0.157685
   0.902     -0.183194
   0.906     -0.208059
   0.910     -0.232277
   0.913     -0.255845
   0.917     -0.278757
   0.920     -0.301009
   0.924     -0.322595
   0.928     -0.343515
   0.931     -0.363769
   0.935     -0.383354
   0.939     -0.402270
   0.942     -0.420516
   0.946     -0.438091
   0.950     -0.454993
   0.953     -0.471221
   0.957     -0.486778
   0.960     -0.501667
   0.964     -0.515891
   0.968     -0.529450
   0.971     -0.542347
   0.975     -0.554586
   0.979     -0.566168
   0.982     -0.577095
   0.986     -0.587376
   0.990     -0.597016
   0.993     -0.606018
   0.997     -0.614389
   1.000     -0.622138
   1.004     -0.629267
   1.008     -0.635783
   1.011     -0.641691
   1.015     -0.647003
   1.019     -0.651727
   1.022     -0.655871
   1.026     -0.659444
   1.030     -0.662457
   1.033     -0.664917
   1.037     -0.666829
   1.040     -0.668207
   1.044     -0.669065
   1.048     -0.669412
   1.051     -0.669260
   1.055     -0.668619
   1.059     -0.667503
   1.062     -0.665920
   1.066     -0.663882
   1.070     -0.661403
   1.073     -0.658498
   1.077     -0.655180
   1.081     -0.651462
   1.084     -0.647356
   1.088     -0.642877
   1.091     -0.638036
   1.095     -0.632847
   1.099     -0.627327
   1.102     -0.621491
   1.106     -0.615351
   1.110     -0.608923
   1.113     -0.602221
   1.117     -0.595260
   1.121     -0.588053
   1.124     -0.580615
   1.128     -0.572965
   1.131     -0.565114
   1.135     -0.557079
   1.139     -0.548874
   1.142     -0.540512
   1.146     -0.532010
   1.150     -0.523381
   1.153     -0.514639
   1.157     -0.505804
   1.161     -0.496888
   1.164     -0.487904
   1.168     -0.478866
   1.171     -0.469787
   1.175     -0.460682
   1.179     -0.451563
   1.182     -0.442447
   1.186     -0.433348
   1.190     -0.424276
   1.193     -0.415244
   1.197     -0.406264
   1.201     -0.397346
   1.204     -0.388503
   1.208     -0.379747
   1.211     -0.371089
   1.215     -0.362545
   1.219     -0.354120
   1.222     -0.345821
   1.226     -0.337659
   1.230     -0.329642
   1.233     -0.321778
   1.237     -0.314074
   1.241     -0.306539
   1.244     -0.299187
   1.248     -0.292017
   1.252     -0.285032
   1.255     -0.278236
   1.259     -0.271634
   1.262     -0.265229
   1.266     -0.259023
   1.270     -0.253017
   1.273     -0.247221
   1.277     -0.241631
   1.281     -0.236244
   1.284     -0.231056
   1.288     -0.226065
   1.292     -0.221266
   1.295     -0.216657
   1.299     -0.212230
   1.302     -0.207977
   1.306     -0.203889
   1.310     -0.199959
   1.313     -0.196181
   1.317     -0.192548
   1.321     -0.189049
   1.324     -0.185675
   1.328     -0.182415
   1.332     -0.179263
   1.335     -0.176176
   1.339     -0.173117
   1.342     -0.170100
   1.346     -0.167144
   1.350     -0.164240
   1.353     -0.161383
   1.357     -0.158570
   1.361     -0.155800
   1.364     -0.153068
   1.368     -0.150384
   1.372     -0.147756
   1.375     -0.145177
   1.379     -0.142635
   1.382     -0.140131
   1.386     -0.137665
   1.390     -0.135233
   1.393     -0.132837
   1.397     -0.130476
   1.401     -0.128153
   1.404     -0.125875
   1.408     -0.123642
   1.412     -0.121445
   1.415     -0.119284
   1.419     -0.117160
   1.422     -0.115071
   1.426     -0.113016
   1.430     -0.110995
   1.433     -0.109008
   1.437     -0.107053
   1.441     -0.105131
   1.444     -0.103240
   1.448     -0.101382
   1.452     -0.099554
   1.455     -0.097756
   1.459     -0.095989
   1.463     -0.094250
   1.466     -0.092541
   1.470     -0.090861
   1.473     -0.089208
   1.477     -0.087583
   1.481     -0.085985
   1.484     -0.084414
   1.488     -0.082869
   1.492     -0.081350
   1.495     -0.079856
   1.499     -0.078387
   1.503     -0.076944
   1.506     -0.075524
   1.510     -0.074128
   1.513     -0.072756
   1.517     -0.071407
   1.521     -0.070081
   1.524     -0.068777
   1.528     -0.067495
   1.532     -0.066235
   1.535     -0.064996
   1.539     -0.063778
   1.543     -0.062581
   1.546     -0.061404
   1.550     -0.060247
   1.553     -0.059110
   1.557     -0.057992
   1.561     -0.056894
   1.564     -0.055813
   1.568     -0.054752
   1.572     -0.053709
   1.575     -0.052683
   1.579     -0.051675
   1.583     -0.050685
   1.586     -0.049712
   1.590     -0.048755
   1.593     -0.047815
   1.597     -0.046891
   1.601     -0.045984
   1.604     -0.045092
   1.608     -0.044215
   1.612     -0.043353
   1.615     -0.042507
   1.619     -0.041675
   1.623     -0.040857
   1.626     -0.040055
   1.630     -0.039266
   1.634     -0.038491
   1.637     -0.037730
   1.641     -0.036982
   1.644     -0.036247
   1.648     -0.035525
   1.652     -0.034816
   1.655     -0.034119
   1.659     -0.033435
   1.663     -0.032763
   1.666     -0.032103
   1.670     -0.031454
   1.674     -0.030818
   1.677     -0.030192
   1.681     -0.029578
   1.684     -0.028975
   1.688     -0.028383
   1.692     -0.027801
   1.695     -0.027230
   1.699     -0.026669
   1.703     -0.026118
   1.706     -0.025578
   1.710     -0.025047
   1.714     -0.024526
   1.717     -0.024014
   1.721     -0.023512
   1.724     -0.023019
   1.728     -0.022535
   1.732     -0.022060
   1.735     -0.021593
   1.739     -0.021135
   1.743     -0.020686
   1.746     -0.020245
   1.750     -0.019812
   1.754     -0.019388
   1.757     -0.018971
   1.761     -0.018562
   1.764     -0.018161
   1.768     -0.017768
   1.772     -0.017382
   1.775     -0.017003
   1.779     -0.016631
   1.783     -0.016266
   1.786     -0.015909
   1.790     -0.015557
   1.794     -0.015213
   1.797     -0.014875
   1.801     -0.014544
   1.804     -0.014220
   1.808     -0.013901
   1.812     -0.013589
   1.815     -0.013283
   1.819     -0.012982
   1.823     -0.012688
   1.826     -0.012399
   1.830     -0.012116
   1.834     -0.011839
   1.837     -0.011567
   1.841     -0.011300
   1.845     -0.011039
   1.848     -0.010783
   1.852     -0.010532
   1.855     -0.010286
   1.859     -0.010045
   1.863     -0.009809
   1.866     -0.009578
   1.870     -0.009351
   1.874     -0.009129
   1.877     -0.008912
   1.881     -0.008699
   1.885     -0.008489
   1.888     -0.008285
   1.892     -0.008085
   1.895     -0.007888
   1.899     -0.007696
   1.903     -0.007509
   1.906     -0.007325
   1.910     -0.007145
   1.914     -0.006968
   1.917     -0.006796
   1.921     -0.006626
   1.925     -0.006461
   1.928     -0.006299
   1.932     -0.006141
   1.935     -0.005986
   1.939     -0.005834
   1.943     -0.005685
   1.946     -0.005540
   1.950     -0.005398
   1.954     -0.005259
   1.957     -0.005123
   1.961     -0.004990
   1.965     -0.004860
   1.968     -0.004733
   1.972     -0.004608
   1.975     -0.004487
   1.979     -0.004368
   1.983     -0.004253
   1.986     -0.004139
   1.990     -0.004028
   1.994     -0.003919
   1.997     -0.003813
   2.001     -0.003710
   2.005     -0.003609
   2.008     -0.003510
   2.012     -0.003414
   2.016     -0.003319
   2.019     -0.003227
   2.023     -0.003138
   2.026     -0.003050
   2.030     -0.002964
   2.034     -0.002880
   2.037     -0.002799
   2.041     -0.002719
   2.045     -0.002641
   2.048     -0.002566
   2.052     -0.002491
   2.056     -0.002419
   2.059     -0.002349
   2.063     -0.002280
   2.066     -0.002213
   2.070     -0.002148
   2.074     -0.002084
   2.077     -0.002022
   2.081     -0.001962
   2.085     -0.001903
   2.088     -0.001846
   2.092     -0.001789
   2.096     -0.001734
   2.099     -0.001681
   2.103     -0.001630
   2.106     -0.001579
   2.110     -0.001530
   2.114     -0.001482
   2.117     -0.001436
   2.121     -0.001390
   2.125     -0.001346
   2.128     -0.001304
   2.132     -0.001262
   2.136     -0.001221
   2.139     -0.001182
   2.143     -0.001143
   2.146     -0.001105
   2.150     -0.001069
   2.154     -0.001034
   2.157     -0.001000
   2.161     -0.000967
   2.165     -0.000934
   2.168     -0.000903
   2.172     -0.000872
   2.176     -0.000842
   2.179     -0.000813
   2.183     -0.000785
   2.186     -0.000758
   2.190     -0.000732
   2.194     -0.000706
   2.197     -0.000681
   2.201     -0.000657
   2.205     -0.000634
   2.208     -0.000611
   2.212     -0.000589
   2.216     -0.000567
   2.219     -0.000547
   2.223     -0.000527
   2.227     -0.000507
   2.230     -0.000489
   2.234     -0.000471
   2.237     -0.000453
   2.241     -0.000436
   2.245     -0.000419
   2.248     -0.000404
   2.252     -0.000388
   2.256     -0.000373
   2.259     -0.000359
   2.263     -0.000345
   2.267     -0.000331
   2.270     -0.000318
   2.274     -0.000306
   2.277     -0.000293
   2.281     -0.000282
   2.285     -0.000270
   2.288     -0.000259
   2.292     -0.000249
   2.296     -0.000239
   2.299     -0.000228
   2.303     -0.000219
   2.307     -0.000210
   2.310     -0.000201
   2.314     -0.000193
   2.317     -0.000184
   2.321     -0.000176
   2.325     -0.000169
   2.328     -0.000161
   2.332     -0.000154
   2.336     -0.000147
   2.339     -0.000141
   2.343     -0.000134
   2.347     -0.000128
   2.350     -0.000122
   2.354     -0.000117
   2.357     -0.000112
   2.361     -0.000106
   2.365     -0.000101
   2.368     -0.000096
   2.372     -0.000091
   2.376     -0.000087
   2.379     -0.000083
   2.383     -0.000079
   2.387     -0.000075
   2.390     -0.000071
   2.394     -0.000067
   2.398     -0.000064
   2.401     -0.000061
   2.405     -0.000058
   2.408     -0.000054
   2.412     -0.000051
   2.416     -0.000048
   2.419     -0.000046
   2.423     -0.000043
   2.427     -0.000041
   2.430     -0.000039
   2.434     -0.000037
   2.438     -0.000035
   2.441     -0.000033
   2.445     -0.000031
   2.448     -0.000029
   2.452     -0.000027
   2.456     -0.000026
   2.459     -0.000024
   2.463     -0.000023
   2.467     -0.000021
   2.470     -0.000020
   2.474     -0.000019
   2.478     -0.000017
   2.481     -0.000016
   2.485     -0.000015
   2.488     -0.000014
   2.492     -0.000013
   2.496     -0.000012
   2.499     -0.000011
   2.503     -0.000011
   2.507     -0.000010
   2.510     -0.000009
   2.514     -0.000008
   2.518     -0.000008
   2.521     -0.000007
   2.525     -0.000007
   2.528     -0.000006
   2.532     -0.000006
   2.536     -0.000005
   2.539     -0.000005
   2.543     -0.000004
   2.547     -0.000004
   2.550     -0.000004
   2.554     -0.000003
   2.558     -0.000003
   2.561     -0.000003
   2.565     -0.000002
   2.568     -0.000002
   2.572     -0.000002
   2.576     -0.000002
   2.579     -0.000002
   2.583     -0.000001
   2.587     -0.000001
   2.590     -0.000001
   2.594     -0.000001
   2.598     -0.000001
   2.601     -0.000001
   2.605     -0.000001
   2.609     -0.000001
   2.612     -0.000001
   2.616     -0.000001
   2.619     -0.000001
   2.623     -0.000000
   2.627     -0.000000
   2.630     -0.000000
   2.634     -0.000000
   2.638     -0.000000
   2.641     -0.000000
   2.645     -0.000000
   2.649     -0.000000
   2.652     -0.000000
   2.656     -0.000000
   2.659     -0.000000
   2.663     -0.000000
   2.667     -0.000000
   2.670     -0.000000
   2.674     -0.000000
   2.678     -0.000000
   2.681     -0.000000
   2.685     -0.000000
   2.689     -0.000000
   2.692     -0.000000
   2.696     -0.000000
   2.699     -0.000000
   2.703     -0.000000
   2.707     -0.000000
   2.710     -0.000000
   2.714     -0.000000
   2.718     -0.000000
   2.721     -0.000000
   2.725     -0.000000
   2.729     -0.000000
   2.732     -0.000000
   2.736     -0.000000
   2.739     -0.000000
   2.743     -0.000000
   2.747     -0.000000
   2.750     -0.000000
   2.754     -0.000000
   2.758     -0.000000
   2.761     -0.000000
   2.765     -0.000000
   2.769     -0.000000
   2.772     -0.000000
   2.776     -0.000000
   2.780     -0.000000
   2.783     -0.000000
   2.787     -0.000000
   2.790     -0.000000
   2.794     -0.000000
   2.798     -0.000000
   2.801     -0.000000
   2.805     -0.000000
   2.809     -0.000000
   2.812     -0.000000
   2.816     -0.000000
   2.820     -0.000000
   2.823     -0.000000
   2.827     -0.000000
   2.830     -0.000000
   2.834     -0.000000
   2.838     -0.000000
   2.841     -0.000000
   2.845     -0.000000
   2.849     -0.000000
   2.852     -0.000000
   2.856     -0.000000
   2.860     -0.000000
   2.863     -0.000000
   2.867     -0.000000
   2.870     -0.000000
   2.874     -0.000000
   2.878     -0.000000
   2.881     -0.000000
   2.885     -0.000000
   2.889     -0.000000
   2.892     -0.000000
   2.896     -0.000000
   2.900     -0.000000
   2.903     -0.000000
   2.907     -0.000000
   2.910      0.000000
