   0.000     -4.970359
   0.003     -4.973623
   0.006     -4.976379
   0.009     -4.979754
   0.012     -4.983860
   0.015     -4.988715
   0.018     -4.994200
   0.021     -5.000293
   0.024     -5.007137
   0.026     -5.014617
   0.029     -5.022745
   0.032     -5.031602
   0.035     -5.041148
   0.038     -5.051363
   0.041     -5.062280
   0.044     -5.073975
   0.047     -5.086354
   0.050     -5.099431
   0.053     -5.113277
   0.056     -5.127877
   0.059     -5.143181
   0.062     -5.159200
   0.065     -5.176022
   0.068     -5.193558
   0.071     -5.211800
   0.074     -5.230801
   0.077     -5.250534
   0.079     -5.270965
   0.082     -5.292099
   0.085     -5.313974
   0.088     -5.336517
   0.091     -5.359718
   0.094     -5.383605
   0.097     -5.408148
   0.100     -5.433301
   0.103     -5.459057
   0.106     -5.485452
   0.109     -5.512401
   0.112     -5.539878
   0.115     -5.567907
   0.118     -5.596442
   0.121     -5.625439
   0.124     -5.654878
   0.127     -5.684762
   0.130     -5.715022
   0.132     -5.745629
   0.135     -5.776579
   0.138     -5.807819
   0.141     -5.839302
   0.144     -5.871003
   0.147     -5.902902
   0.150     -5.934933
   0.153     -5.967057
   0.156     -5.999254
   0.159     -6.031471
   0.162     -6.063658
   0.165     -6.095773
   0.168     -6.127783
   0.171     -6.159632
   0.174     -6.191273
   0.177     -6.222660
   0.180     -6.253747
   0.182     -6.284486
   0.185     -6.314824
   0.188     -6.344711
   0.191     -6.374101
   0.194     -6.402945
   0.197     -6.431180
   0.200     -6.458765
   0.203     -6.485655
   0.206     -6.511789
   0.209     -6.537109
   0.212     -6.561582
   0.215     -6.585159
   0.218     -6.607760
   0.221     -6.629360
   0.224     -6.649915
   0.227     -6.669362
   0.230     -6.687645
   0.233     -6.704741
   0.235     -6.720604
   0.238     -6.735148
   0.241     -6.748366
   0.244     -6.760222
   0.247     -6.770649
   0.250     -6.779600
   0.253     -6.787069
   0.256     -6.793019
   0.259     -6.797355
   0.262     -6.800100
   0.265     -6.801225
   0.268     -6.800667
   0.271     -6.798392
   0.274     -6.794411
   0.277     -6.788702
   0.280     -6.781167
   0.283     -6.771857
   0.286     -6.760757
   0.288     -6.747811
   0.291     -6.733004
   0.294     -6.716366
   0.297     -6.697885
   0.300     -6.677475
   0.303     -6.655215
   0.306     -6.631101
   0.309     -6.605092
   0.312     -6.577194
   0.315     -6.547453
   0.318     -6.515875
   0.321     -6.482395
   0.324     -6.447106
   0.327     -6.410025
   0.330     -6.371128
   0.333     -6.330445
   0.336     -6.288037
   0.339     -6.243926
   0.341     -6.198078
   0.344     -6.150596
   0.347     -6.101517
   0.350     -6.050833
   0.353     -5.998604
   0.356     -5.944900
   0.359     -5.889760
   0.362     -5.833179
   0.365     -5.775270
   0.368     -5.716086
   0.371     -5.655641
   0.374     -5.594011
   0.377     -5.531277
   0.380     -5.467491
   0.383     -5.402679
   0.386     -5.336952
   0.389     -5.270374
   0.391     -5.202980
   0.394     -5.134855
   0.397     -5.066086
   0.400     -4.996737
   0.403     -4.926860
   0.406     -4.856556
   0.409     -4.785891
   0.412     -4.714909
   0.415     -4.643692
   0.418     -4.572321
   0.421     -4.500864
   0.424     -4.429385
   0.427     -4.357968
   0.430     -4.286680
   0.433     -4.215580
   0.436     -4.144736
   0.439     -4.074220
   0.442     -4.004091
   0.444     -3.934408
   0.447     -3.865234
   0.450     -3.796627
   0.453     -3.728641
   0.456     -3.661328
   0.459     -3.594740
   0.462     -3.528924
   0.465     -3.463927
   0.468     -3.399788
   0.471     -3.336547
   0.474     -3.274246
   0.477     -3.212915
   0.480     -3.152581
   0.483     -3.093276
   0.486     -3.035030
   0.489     -2.977854
   0.492     -2.921767
   0.495     -2.866798
   0.497     -2.812950
   0.500     -2.760229
   0.503     -2.708647
   0.506     -2.658216
   0.509     -2.608924
   0.512     -2.560770
   0.515     -2.513767
   0.518     -2.467894
   0.521     -2.423143
   0.524     -2.379509
   0.527     -2.336980
   0.530     -2.295534
   0.533     -2.255155
   0.536     -2.215842
   0.539     -2.177556
   0.542     -2.140275
   0.545     -2.103989
   0.547     -2.068676
   0.550     -2.034299
   0.553     -2.000832
   0.556     -1.968266
   0.559     -1.936562
   0.562     -1.905692
   0.565     -1.875633
   0.568     -1.846358
   0.571     -1.817834
   0.574     -1.790037
   0.577     -1.762945
   0.580     -1.736523
   0.583     -1.710742
   0.586     -1.685583
   0.589     -1.661021
   0.592     -1.637024
   0.595     -1.613568
   0.598     -1.590634
   0.600     -1.568195
   0.603     -1.546230
   0.606     -1.524717
   0.609     -1.503635
   0.612     -1.482963
   0.615     -1.462684
   0.618     -1.442780
   0.621     -1.423232
   0.624     -1.404024
   0.627     -1.385142
   0.630     -1.366570
   0.633     -1.348296
   0.636     -1.330307
   0.639     -1.312590
   0.642     -1.295135
   0.645     -1.277932
   0.648     -1.260969
   0.651     -1.244239
   0.653     -1.227736
   0.656     -1.211451
   0.659     -1.195376
   0.662     -1.179506
   0.665     -1.163835
   0.668     -1.148357
   0.671     -1.133070
   0.674     -1.117969
   0.677     -1.103049
   0.680     -1.088305
   0.683     -1.073737
   0.686     -1.059342
   0.689     -1.045117
   0.692     -1.031059
   0.695     -1.017168
   0.698     -1.003439
   0.701     -0.989871
   0.704     -0.976465
   0.706     -0.963220
   0.709     -0.950131
   0.712     -0.937199
   0.715     -0.924423
   0.718     -0.911800
   0.721     -0.899331
   0.724     -0.887016
   0.727     -0.874852
   0.730     -0.862837
   0.733     -0.850972
   0.736     -0.839256
   0.739     -0.827687
   0.742     -0.816264
   0.745     -0.804988
   0.748     -0.793855
   0.751     -0.782865
   0.754     -0.772017
   0.756     -0.761310
   0.759     -0.750743
   0.762     -0.740314
   0.765     -0.730022
   0.768     -0.719867
   0.771     -0.709845
   0.774     -0.699958
   0.777     -0.690202
   0.780     -0.680576
   0.783     -0.671080
   0.786     -0.661711
   0.789     -0.652469
   0.792     -0.643351
   0.795     -0.634357
   0.798     -0.625485
   0.801     -0.616733
   0.804     -0.608101
   0.807     -0.599587
   0.809     -0.591188
   0.812     -0.582903
   0.815     -0.574733
   0.818     -0.566674
   0.821     -0.558725
   0.824     -0.550885
   0.827     -0.543152
   0.830     -0.535526
   0.833     -0.528004
   0.836     -0.520586
   0.839     -0.513269
   0.842     -0.506053
   0.845     -0.498935
   0.848     -0.491915
   0.851     -0.484992
   0.854     -0.478164
   0.857     -0.471430
   0.860     -0.464788
   0.862     -0.458238
   0.865     -0.451778
   0.868     -0.445407
   0.871     -0.439123
   0.874     -0.432926
   0.877     -0.426814
   0.880     -0.420785
   0.883     -0.414840
   0.886     -0.408976
   0.889     -0.403193
   0.892     -0.397489
   0.895     -0.391863
   0.898     -0.386315
   0.901     -0.380843
   0.904     -0.375446
   0.907     -0.370123
   0.910     -0.364873
   0.912     -0.359695
   0.915     -0.354588
   0.918     -0.349552
   0.921     -0.344584
   0.924     -0.339684
   0.927     -0.334852
   0.930     -0.330086
   0.933     -0.325386
   0.936     -0.320749
   0.939     -0.316177
   0.942     -0.311667
   0.945     -0.307219
   0.948     -0.302832
   0.951     -0.298506
   0.954     -0.294238
   0.957     -0.290030
   0.960     -0.285879
   0.963     -0.281785
   0.965     -0.277747
   0.968     -0.273764
   0.971     -0.269837
   0.974     -0.265963
   0.977     -0.262142
   0.980     -0.258374
   0.983     -0.254658
   0.986     -0.250992
   0.989     -0.247377
   0.992     -0.243812
   0.995     -0.240296
   0.998     -0.236828
   1.001     -0.233407
   1.004     -0.230034
   1.007     -0.226707
   1.010     -0.223426
   1.013     -0.220190
   1.016     -0.216998
   1.018     -0.213851
   1.021     -0.210747
   1.024     -0.207685
   1.027     -0.204666
   1.030     -0.201688
   1.033     -0.198751
   1.036     -0.195855
   1.039     -0.192999
   1.042     -0.190182
   1.045     -0.187404
   1.048     -0.184664
   1.051     -0.181962
   1.054     -0.179297
   1.057     -0.176669
   1.060     -0.174078
   1.063     -0.171522
   1.066     -0.169002
   1.069     -0.166516
   1.071     -0.164065
   1.074     -0.161648
   1.077     -0.159264
   1.080     -0.156913
   1.083     -0.154595
   1.086     -0.152309
   1.089     -0.150055
   1.092     -0.147832
   1.095     -0.145639
   1.098     -0.143478
   1.101     -0.141346
   1.104     -0.139244
   1.107     -0.137171
   1.110     -0.135127
   1.113     -0.133111
   1.116     -0.131123
   1.119     -0.129164
   1.121     -0.127231
   1.124     -0.125325
   1.127     -0.123446
   1.130     -0.121593
   1.133     -0.119767
   1.136     -0.117965
   1.139     -0.116189
   1.142     -0.114437
   1.145     -0.112711
   1.148     -0.111008
   1.151     -0.109329
   1.154     -0.107674
   1.157     -0.106042
   1.160     -0.104432
   1.163     -0.102846
   1.166     -0.101282
   1.169     -0.099739
   1.172     -0.098219
   1.174     -0.096720
   1.177     -0.095242
   1.180     -0.093784
   1.183     -0.092348
   1.186     -0.090931
   1.189     -0.089535
   1.192     -0.088158
   1.195     -0.086801
   1.198     -0.085463
   1.201     -0.084144
   1.204     -0.082844
   1.207     -0.081562
   1.210     -0.080299
   1.213     -0.079053
   1.216     -0.077825
   1.219     -0.076615
   1.222     -0.075422
   1.225     -0.074246
   1.227     -0.073086
   1.230     -0.071943
   1.233     -0.070817
   1.236     -0.069706
   1.239     -0.068612
   1.242     -0.067533
   1.245     -0.066470
   1.248     -0.065422
   1.251     -0.064389
   1.254     -0.063371
   1.257     -0.062367
   1.260     -0.061378
   1.263     -0.060403
   1.266     -0.059443
   1.269     -0.058496
   1.272     -0.057563
   1.275     -0.056643
   1.277     -0.055737
   1.280     -0.054844
   1.283     -0.053964
   1.286     -0.053096
   1.289     -0.052241
   1.292     -0.051399
   1.295     -0.050569
   1.298     -0.049751
   1.301     -0.048945
   1.304     -0.048151
   1.307     -0.047369
   1.310     -0.046597
   1.313     -0.045838
   1.316     -0.045089
   1.319     -0.044352
   1.322     -0.043625
   1.325     -0.042909
   1.328     -0.042203
   1.330     -0.041508
   1.333     -0.040824
   1.336     -0.040149
   1.339     -0.039484
   1.342     -0.038830
   1.345     -0.038185
   1.348     -0.037549
   1.351     -0.036923
   1.354     -0.036307
   1.357     -0.035699
   1.360     -0.035101
   1.363     -0.034512
   1.366     -0.033931
   1.369     -0.033360
   1.372     -0.032796
   1.375     -0.032242
   1.378     -0.031695
   1.381     -0.031157
   1.383     -0.030627
   1.386     -0.030106
   1.389     -0.029592
   1.392     -0.029085
   1.395     -0.028587
   1.398     -0.028096
   1.401     -0.027613
   1.404     -0.027137
   1.407     -0.026668
   1.410     -0.026206
   1.413     -0.025752
   1.416     -0.025304
   1.419     -0.024864
   1.422     -0.024430
   1.425     -0.024003
   1.428     -0.023582
   1.431     -0.023168
   1.434     -0.022761
   1.436     -0.022359
   1.439     -0.021964
   1.442     -0.021575
   1.445     -0.021193
   1.448     -0.020816
   1.451     -0.020445
   1.454     -0.020080
   1.457     -0.019720
   1.460     -0.019367
   1.463     -0.019019
   1.466     -0.018676
   1.469     -0.018339
   1.472     -0.018007
   1.475     -0.017680
   1.478     -0.017359
   1.481     -0.017043
   1.484     -0.016732
   1.486     -0.016425
   1.489     -0.016124
   1.492     -0.015827
   1.495     -0.015536
   1.498     -0.015249
   1.501     -0.014966
   1.504     -0.014689
   1.507     -0.014415
   1.510     -0.014146
   1.513     -0.013882
   1.516     -0.013622
   1.519     -0.013366
   1.522     -0.013114
   1.525     -0.012866
   1.528     -0.012623
   1.531     -0.012383
   1.534     -0.012148
   1.537     -0.011916
   1.539     -0.011688
   1.542     -0.011464
   1.545     -0.011244
   1.548     -0.011027
   1.551     -0.010814
   1.554     -0.010605
   1.557     -0.010399
   1.560     -0.010196
   1.563     -0.009997
   1.566     -0.009801
   1.569     -0.009609
   1.572     -0.009420
   1.575     -0.009234
   1.578     -0.009051
   1.581     -0.008872
   1.584     -0.008695
   1.587     -0.008522
   1.590     -0.008351
   1.592     -0.008184
   1.595     -0.008019
   1.598     -0.007857
   1.601     -0.007698
   1.604     -0.007542
   1.607     -0.007388
   1.610     -0.007237
   1.613     -0.007089
   1.616     -0.006944
   1.619     -0.006801
   1.622     -0.006660
   1.625     -0.006522
   1.628     -0.006387
   1.631     -0.006254
   1.634     -0.006123
   1.637     -0.005995
   1.640     -0.005869
   1.642     -0.005745
   1.645     -0.005623
   1.648     -0.005504
   1.651     -0.005387
   1.654     -0.005272
   1.657     -0.005159
   1.660     -0.005048
   1.663     -0.004939
   1.666     -0.004832
   1.669     -0.004727
   1.672     -0.004624
   1.675     -0.004523
   1.678     -0.004424
   1.681     -0.004327
   1.684     -0.004231
   1.687     -0.004138
   1.690     -0.004046
   1.693     -0.003956
   1.695     -0.003867
   1.698     -0.003781
   1.701     -0.003696
   1.704     -0.003612
   1.707     -0.003530
   1.710     -0.003450
   1.713     -0.003371
   1.716     -0.003294
   1.719     -0.003218
   1.722     -0.003144
   1.725     -0.003071
   1.728     -0.003000
   1.731     -0.002930
   1.734     -0.002861
   1.737     -0.002794
   1.740     -0.002728
   1.743     -0.002664
   1.746     -0.002601
   1.748     -0.002539
   1.751     -0.002478
   1.754     -0.002418
   1.757     -0.002360
   1.760     -0.002303
   1.763     -0.002247
   1.766     -0.002192
   1.769     -0.002139
   1.772     -0.002086
   1.775     -0.002035
   1.778     -0.001984
   1.781     -0.001935
   1.784     -0.001887
   1.787     -0.001840
   1.790     -0.001793
   1.793     -0.001748
   1.796     -0.001704
   1.799     -0.001660
   1.801     -0.001618
   1.804     -0.001576
   1.807     -0.001536
   1.810     -0.001496
   1.813     -0.001457
   1.816     -0.001419
   1.819     -0.001382
   1.822     -0.001346
   1.825     -0.001310
   1.828     -0.001275
   1.831     -0.001241
   1.834     -0.001208
   1.837     -0.001176
   1.840     -0.001144
   1.843     -0.001113
   1.846     -0.001083
   1.849     -0.001053
   1.851     -0.001024
   1.854     -0.000996
   1.857     -0.000968
   1.860     -0.000941
   1.863     -0.000915
   1.866     -0.000889
   1.869     -0.000864
   1.872     -0.000840
   1.875     -0.000816
   1.878     -0.000792
   1.881     -0.000769
   1.884     -0.000747
   1.887     -0.000726
   1.890     -0.000704
   1.893     -0.000684
   1.896     -0.000664
   1.899     -0.000644
   1.902     -0.000625
   1.904     -0.000606
   1.907     -0.000588
   1.910     -0.000570
   1.913     -0.000553
   1.916     -0.000536
   1.919     -0.000519
   1.922     -0.000503
   1.925     -0.000488
   1.928     -0.000473
   1.931     -0.000458
   1.934     -0.000443
   1.937     -0.000429
   1.940     -0.000416
   1.943     -0.000402
   1.946     -0.000389
   1.949     -0.000377
   1.952     -0.000365
   1.955     -0.000353
   1.957     -0.000341
   1.960     -0.000330
   1.963     -0.000319
   1.966     -0.000308
   1.969     -0.000298
   1.972     -0.000288
   1.975     -0.000278
   1.978     -0.000268
   1.981     -0.000259
   1.984     -0.000250
   1.987     -0.000241
   1.990     -0.000233
   1.993     -0.000225
   1.996     -0.000217
   1.999     -0.000209
   2.002     -0.000201
   2.005     -0.000194
   2.007     -0.000187
   2.010     -0.000180
   2.013     -0.000174
   2.016     -0.000167
   2.019     -0.000161
   2.022     -0.000155
   2.025     -0.000149
   2.028     -0.000143
   2.031     -0.000138
   2.034     -0.000132
   2.037     -0.000127
   2.040     -0.000122
   2.043     -0.000117
   2.046     -0.000113
   2.049     -0.000108
   2.052     -0.000104
   2.055     -0.000099
   2.058     -0.000095
   2.060     -0.000091
   2.063     -0.000088
   2.066     -0.000084
   2.069     -0.000080
   2.072     -0.000077
   2.075     -0.000073
   2.078     -0.000070
   2.081     -0.000067
   2.084     -0.000064
   2.087     -0.000061
   2.090     -0.000058
   2.093     -0.000056
   2.096     -0.000053
   2.099     -0.000051
   2.102     -0.000048
   2.105     -0.000046
   2.108     -0.000044
   2.111     -0.000042
   2.113     -0.000039
   2.116     -0.000037
   2.119     -0.000036
   2.122     -0.000034
   2.125     -0.000032
   2.128     -0.000030
   2.131     -0.000029
   2.134     -0.000027
   2.137     -0.000026
   2.140     -0.000024
   2.143     -0.000023
   2.146     -0.000022
   2.149     -0.000020
   2.152     -0.000019
   2.155     -0.000018
   2.158     -0.000017
   2.161     -0.000016
   2.164     -0.000015
   2.166     -0.000014
   2.169     -0.000013
   2.172     -0.000012
   2.175     -0.000012
   2.178     -0.000011
   2.181     -0.000010
   2.184     -0.000009
   2.187     -0.000009
   2.190     -0.000008
   2.193     -0.000008
   2.196     -0.000007
   2.199     -0.000006
   2.202     -0.000006
   2.205     -0.000005
   2.208     -0.000005
   2.211     -0.000005
   2.214     -0.000004
   2.216     -0.000004
   2.219     -0.000004
   2.222     -0.000003
   2.225     -0.000003
   2.228     -0.000003
   2.231     -0.000002
   2.234     -0.000002
   2.237     -0.000002
   2.240     -0.000002
   2.243     -0.000002
   2.246     -0.000001
   2.249     -0.000001
   2.252     -0.000001
   2.255     -0.000001
   2.258     -0.000001
   2.261     -0.000001
   2.264     -0.000001
   2.267     -0.000001
   2.269     -0.000001
   2.272      0.000000
   2.275      0.000000
   2.278      0.000000
   2.281      0.000000
   2.284      0.000000
   2.287      0.000000
   2.290      0.000000
   2.293      0.000000
   2.296      0.000000
   2.299      0.000000
   2.302      0.000000
   2.305      0.000000
   2.308      0.000000
   2.311      0.000000
   2.314      0.000000
   2.317      0.000000
   2.320      0.000000
   2.322      0.000000
   2.325      0.000000
   2.328      0.000000
   2.331      0.000000
   2.334      0.000000
   2.337      0.000000
   2.340      0.000000
   2.343      0.000000
   2.346      0.000000
   2.349      0.000000
   2.352      0.000000
   2.355      0.000000
