   0.000      0.002437
   0.003      0.027990
   0.006      0.053544
   0.009      0.079965
   0.013      0.106496
   0.016      0.133051
   0.019      0.159606
   0.022      0.186152
   0.025      0.212682
   0.028      0.239194
   0.032      0.265682
   0.035      0.292145
   0.038      0.318579
   0.041      0.344982
   0.044      0.371350
   0.047      0.397681
   0.051      0.423972
   0.054      0.450221
   0.057      0.476424
   0.060      0.502578
   0.063      0.528682
   0.066      0.554731
   0.070      0.580724
   0.073      0.606657
   0.076      0.632528
   0.079      0.658333
   0.082      0.684070
   0.085      0.709736
   0.089      0.735327
   0.092      0.760842
   0.095      0.786277
   0.098      0.811629
   0.101      0.836895
   0.104      0.862072
   0.108      0.887157
   0.111      0.912147
   0.114      0.937039
   0.117      0.961830
   0.120      0.986517
   0.123      1.011096
   0.127      1.035566
   0.130      1.059922
   0.133      1.084161
   0.136      1.108280
   0.139      1.132277
   0.143      1.156148
   0.146      1.179889
   0.149      1.203499
   0.152      1.226972
   0.155      1.250307
   0.158      1.273500
   0.162      1.296547
   0.165      1.319447
   0.168      1.342195
   0.171      1.364788
   0.174      1.387223
   0.177      1.409496
   0.181      1.431606
   0.184      1.453548
   0.187      1.475319
   0.190      1.496916
   0.193      1.518335
   0.196      1.539575
   0.200      1.560631
   0.203      1.581501
   0.206      1.602181
   0.209      1.622668
   0.212      1.642959
   0.215      1.663052
   0.219      1.682942
   0.222      1.702628
   0.225      1.722106
   0.228      1.741373
   0.231      1.760426
   0.234      1.779263
   0.238      1.797880
   0.241      1.816276
   0.244      1.834447
   0.247      1.852390
   0.250      1.870103
   0.253      1.887583
   0.257      1.904829
   0.260      1.921837
   0.263      1.938604
   0.266      1.955130
   0.269      1.971410
   0.272      1.987445
   0.276      2.003230
   0.279      2.018764
   0.282      2.034045
   0.285      2.049072
   0.288      2.063842
   0.291      2.078354
   0.295      2.092605
   0.298      2.106596
   0.301      2.120323
   0.304      2.133786
   0.307      2.146984
   0.310      2.159915
   0.314      2.172578
   0.317      2.184972
   0.320      2.197097
   0.323      2.208952
   0.326      2.220536
   0.329      2.231848
   0.333      2.242889
   0.336      2.253657
   0.339      2.264153
   0.342      2.274377
   0.345      2.284328
   0.348      2.294007
   0.351      2.303415
   0.355      2.312551
   0.358      2.321416
   0.361      2.330010
   0.364      2.338336
   0.367      2.346392
   0.370      2.354182
   0.374      2.361704
   0.377      2.368962
   0.380      2.375956
   0.383      2.382687
   0.386      2.389158
   0.389      2.395370
   0.393      2.401325
   0.396      2.407025
   0.399      2.412472
   0.402      2.417668
   0.405      2.422615
   0.408      2.427317
   0.412      2.431775
   0.415      2.435992
   0.418      2.439971
   0.421      2.443715
   0.424      2.447226
   0.427      2.450508
   0.431      2.453563
   0.434      2.456396
   0.437      2.459009
   0.440      2.461405
   0.443      2.463588
   0.446      2.465562
   0.450      2.467330
   0.453      2.468895
   0.456      2.470263
   0.459      2.471435
   0.462      2.472416
   0.465      2.473210
   0.469      2.473821
   0.472      2.474253
   0.475      2.474510
   0.478      2.474595
   0.481      2.474513
   0.484      2.474268
   0.488      2.473863
   0.491      2.473304
   0.494      2.472593
   0.497      2.471736
   0.500      2.470736
   0.503      2.469597
   0.507      2.468324
   0.510      2.466919
   0.513      2.465389
   0.516      2.463735
   0.519      2.461964
   0.522      2.460077
   0.526      2.458080
   0.529      2.455976
   0.532      2.453768
   0.535      2.451462
   0.538      2.449059
   0.541      2.446565
   0.545      2.443982
   0.548      2.441315
   0.551      2.438566
   0.554      2.435739
   0.557      2.432838
   0.560      2.429865
   0.564      2.426824
   0.567      2.423718
   0.570      2.420550
   0.573      2.417323
   0.576      2.414039
   0.579      2.410702
   0.583      2.407315
   0.586      2.403879
   0.589      2.400397
   0.592      2.396872
   0.595      2.393306
   0.598      2.389702
   0.602      2.386061
   0.605      2.382386
   0.608      2.378678
   0.611      2.374940
   0.614      2.371174
   0.617      2.367380
   0.621      2.363561
   0.624      2.359719
   0.627      2.355854
   0.630      2.351969
   0.633      2.348064
   0.636      2.344141
   0.640      2.340201
   0.643      2.336245
   0.646      2.332274
   0.649      2.328289
   0.652      2.324291
   0.655      2.320281
   0.659      2.316260
   0.662      2.312228
   0.665      2.308186
   0.668      2.304135
   0.671      2.300074
   0.674      2.296006
   0.678      2.291929
   0.681      2.287845
   0.684      2.283754
   0.687      2.279655
   0.690      2.275551
   0.693      2.271440
   0.697      2.267322
   0.700      2.263199
   0.703      2.259070
   0.706      2.254936
   0.709      2.250795
   0.712      2.246650
   0.716      2.242499
   0.719      2.238342
   0.722      2.234180
   0.725      2.230013
   0.728      2.225840
   0.731      2.221662
   0.735      2.217479
   0.738      2.213290
   0.741      2.209096
   0.744      2.204896
   0.747      2.200690
   0.750      2.196479
   0.754      2.192263
   0.757      2.188040
   0.760      2.183812
   0.763      2.179578
   0.766      2.175338
   0.769      2.171092
   0.773      2.166840
   0.776      2.162582
   0.779      2.158318
   0.782      2.154048
   0.785      2.149772
   0.788      2.145490
   0.792      2.141201
   0.795      2.136907
   0.798      2.132607
   0.801      2.128300
   0.804      2.123987
   0.807      2.119669
   0.811      2.115344
   0.814      2.111014
   0.817      2.106677
   0.820      2.102335
   0.823      2.097987
   0.826      2.093633
   0.830      2.089274
   0.833      2.084909
   0.836      2.080538
   0.839      2.076163
   0.842      2.071781
   0.845      2.067395
   0.849      2.063004
   0.852      2.058608
   0.855      2.054207
   0.858      2.049801
   0.861      2.045391
   0.864      2.040977
   0.868      2.036558
   0.871      2.032135
   0.874      2.027708
   0.877      2.023277
   0.880      2.018842
   0.883      2.014404
   0.887      2.009962
   0.890      2.005518
   0.893      2.001070
   0.896      1.996619
   0.899      1.992165
   0.902      1.987709
   0.906      1.983250
   0.909      1.978789
   0.912      1.974326
   0.915      1.969861
   0.918      1.965394
   0.921      1.960925
   0.925      1.956455
   0.928      1.951983
   0.931      1.947510
   0.934      1.943036
   0.937      1.938562
   0.940      1.934086
   0.944      1.929610
   0.947      1.925133
   0.950      1.920657
   0.953      1.916180
   0.956      1.911703
   0.959      1.907226
   0.963      1.902750
   0.966      1.898273
   0.969      1.893798
   0.972      1.889323
   0.975      1.884850
   0.978      1.880377
   0.982      1.875905
   0.985      1.871435
   0.988      1.866966
   0.991      1.862498
   0.994      1.858033
   0.997      1.853569
   1.001      1.849107
   1.004      1.844647
   1.007      1.840189
   1.010      1.835733
   1.013      1.831280
   1.016      1.826830
   1.020      1.822382
   1.023      1.817937
   1.026      1.813495
   1.029      1.809056
   1.032      1.804619
   1.035      1.800187
   1.039      1.795757
   1.042      1.791331
   1.045      1.786908
   1.048      1.782489
   1.051      1.778074
   1.054      1.773663
   1.058      1.769255
   1.061      1.764852
   1.064      1.760452
   1.067      1.756057
   1.070      1.751666
   1.073      1.747280
   1.077      1.742898
   1.080      1.738520
   1.083      1.734148
   1.086      1.729780
   1.089      1.725416
   1.092      1.721058
   1.096      1.716705
   1.099      1.712356
   1.102      1.708013
   1.105      1.703675
   1.108      1.699343
   1.112      1.695015
   1.115      1.690694
   1.118      1.686377
   1.121      1.682067
   1.124      1.677761
   1.127      1.673462
   1.131      1.669168
   1.134      1.664881
   1.137      1.660599
   1.140      1.656323
   1.143      1.652053
   1.146      1.647789
   1.150      1.643532
   1.153      1.639280
   1.156      1.635035
   1.159      1.630797
   1.162      1.626564
   1.165      1.622338
   1.169      1.618119
   1.172      1.613906
   1.175      1.609699
   1.178      1.605500
   1.181      1.601307
   1.184      1.597121
   1.188      1.592941
   1.191      1.588769
   1.194      1.584603
   1.197      1.580444
   1.200      1.576292
   1.203      1.572147
   1.207      1.568010
   1.210      1.563879
   1.213      1.559755
   1.216      1.555639
   1.219      1.551530
   1.222      1.547428
   1.226      1.543333
   1.229      1.539246
   1.232      1.535166
   1.235      1.531094
   1.238      1.527029
   1.241      1.522971
   1.245      1.518921
   1.248      1.514879
   1.251      1.510844
   1.254      1.506816
   1.257      1.502796
   1.260      1.498784
   1.264      1.494780
   1.267      1.490783
   1.270      1.486794
   1.273      1.482813
   1.276      1.478839
   1.279      1.474873
   1.283      1.470916
   1.286      1.466966
   1.289      1.463023
   1.292      1.459089
   1.295      1.455163
   1.298      1.451244
   1.302      1.447334
   1.305      1.443432
   1.308      1.439537
   1.311      1.435651
   1.314      1.431772
   1.317      1.427902
   1.321      1.424040
   1.324      1.420185
   1.327      1.416339
   1.330      1.412501
   1.333      1.408672
   1.336      1.404850
   1.340      1.401036
   1.343      1.397231
   1.346      1.393434
   1.349      1.389645
   1.352      1.385864
   1.355      1.382091
   1.359      1.378327
   1.362      1.374571
   1.365      1.370823
   1.368      1.367083
   1.371      1.363352
   1.374      1.359629
   1.378      1.355914
   1.381      1.352208
   1.384      1.348509
   1.387      1.344819
   1.390      1.341138
   1.393      1.337465
   1.397      1.333800
   1.400      1.330143
   1.403      1.326495
   1.406      1.322855
   1.409      1.319223
   1.412      1.315600
   1.416      1.311985
   1.419      1.308378
   1.422      1.304780
   1.425      1.301190
   1.428      1.297608
   1.431      1.294035
   1.435      1.290470
   1.438      1.286914
   1.441      1.283366
   1.444      1.279826
   1.447      1.276294
   1.450      1.272771
   1.454      1.269257
   1.457      1.265750
   1.460      1.262252
   1.463      1.258762
   1.466      1.255281
   1.469      1.251808
   1.473      1.248343
   1.476      1.244887
   1.479      1.241439
   1.482      1.237999
   1.485      1.234568
   1.488      1.231145
   1.492      1.227730
   1.495      1.224324
   1.498      1.220926
   1.501      1.217536
   1.504      1.214155
   1.507      1.210782
   1.511      1.207417
   1.514      1.204060
   1.517      1.200712
   1.520      1.197372
   1.523      1.194040
   1.526      1.190716
   1.530      1.187401
   1.533      1.184094
   1.536      1.180795
   1.539      1.177504
   1.542      1.174222
   1.545      1.170948
   1.549      1.167682
   1.552      1.164424
   1.555      1.161175
   1.558      1.157933
   1.561      1.154700
   1.564      1.151475
   1.568      1.148258
   1.571      1.145049
   1.574      1.141848
   1.577      1.138656
   1.580      1.135471
   1.583      1.132295
   1.587      1.129126
   1.590      1.125966
   1.593      1.122814
   1.596      1.119670
   1.599      1.116534
   1.602      1.113406
   1.606      1.110286
   1.609      1.107174
   1.612      1.104070
   1.615      1.100974
   1.618      1.097886
   1.621      1.094806
   1.625      1.091733
   1.628      1.088669
   1.631      1.085613
   1.634      1.082565
   1.637      1.079524
   1.640      1.076492
   1.644      1.073467
   1.647      1.070450
   1.650      1.067441
   1.653      1.064440
   1.656      1.061446
   1.659      1.058461
   1.663      1.055483
   1.666      1.052513
   1.669      1.049551
   1.672      1.046597
   1.675      1.043650
   1.678      1.040711
   1.682      1.037780
   1.685      1.034856
   1.688      1.031940
   1.691      1.029032
   1.694      1.026131
   1.697      1.023238
   1.701      1.020353
   1.704      1.017475
   1.707      1.014605
   1.710      1.011743
   1.713      1.008888
   1.716      1.006041
   1.720      1.003201
   1.723      1.000368
   1.726      0.997544
   1.729      0.994726
   1.732      0.991916
   1.735      0.989114
   1.739      0.986319
   1.742      0.983531
   1.745      0.980751
   1.748      0.977979
   1.751      0.975213
   1.754      0.972455
   1.758      0.969705
   1.761      0.966962
   1.764      0.964226
   1.767      0.961497
   1.770      0.958776
   1.773      0.956062
   1.777      0.953355
   1.780      0.950655
   1.783      0.947963
   1.786      0.945278
   1.789      0.942600
   1.792      0.939929
   1.796      0.937266
   1.799      0.934609
   1.802      0.931960
   1.805      0.929318
   1.808      0.926683
   1.811      0.924055
   1.815      0.921434
   1.818      0.918820
   1.821      0.916213
   1.824      0.913613
   1.827      0.911020
   1.830      0.908434
   1.834      0.905855
   1.837      0.903283
   1.840      0.900718
   1.843      0.898160
   1.846      0.895609
   1.849      0.893065
   1.853      0.890527
   1.856      0.887997
   1.859      0.885473
   1.862      0.882956
   1.865      0.880446
   1.868      0.877943
   1.872      0.875446
   1.875      0.872956
   1.878      0.870473
   1.881      0.867997
   1.884      0.865527
   1.887      0.863064
   1.891      0.860608
   1.894      0.858159
   1.897      0.855716
   1.900      0.853279
   1.903      0.850849
   1.906      0.848426
   1.910      0.846010
   1.913      0.843600
   1.916      0.841196
   1.919      0.838799
   1.922      0.836409
   1.925      0.834025
   1.929      0.831647
   1.932      0.829276
   1.935      0.826911
   1.938      0.824553
   1.941      0.822201
   1.944      0.819856
   1.948      0.817517
   1.951      0.815184
   1.954      0.812858
   1.957      0.810538
   1.960      0.808224
   1.963      0.805917
   1.967      0.803616
   1.970      0.801321
   1.973      0.799032
   1.976      0.796750
   1.979      0.794474
   1.982      0.792204
   1.986      0.789940
   1.989      0.787682
   1.992      0.785430
   1.995      0.783185
   1.998      0.780946
   2.001      0.778713
   2.005      0.776485
   2.008      0.774264
   2.011      0.772049
   2.014      0.769840
   2.017      0.767637
   2.020      0.765440
   2.024      0.763249
   2.027      0.761064
   2.030      0.758885
   2.033      0.756712
   2.036      0.754545
   2.039      0.752383
   2.043      0.750228
   2.046      0.748078
   2.049      0.745935
   2.052      0.743797
   2.055      0.741665
   2.058      0.739538
   2.062      0.737418
   2.065      0.735303
   2.068      0.733194
   2.071      0.731091
   2.074      0.728993
   2.077      0.726901
   2.081      0.724815
   2.084      0.722735
   2.087      0.720660
   2.090      0.718591
   2.093      0.716527
   2.096      0.714469
   2.100      0.712417
   2.103      0.710370
   2.106      0.708329
   2.109      0.706294
   2.112      0.704264
   2.115      0.702239
   2.119      0.700220
   2.122      0.698207
   2.125      0.696198
   2.128      0.694196
   2.131      0.692199
   2.134      0.690207
   2.138      0.688221
   2.141      0.686240
   2.144      0.684264
   2.147      0.682294
   2.150      0.680329
   2.153      0.678370
   2.157      0.676415
   2.160      0.674466
   2.163      0.672523
   2.166      0.670585
   2.169      0.668652
   2.172      0.666724
   2.176      0.664801
   2.179      0.662884
   2.182      0.660972
   2.185      0.659065
   2.188      0.657163
   2.191      0.655266
   2.195      0.653375
   2.198      0.651488
   2.201      0.649607
   2.204      0.647731
   2.207      0.645860
   2.210      0.643994
   2.214      0.642133
   2.217      0.640277
   2.220      0.638426
   2.223      0.636580
   2.226      0.634739
   2.229      0.632904
   2.233      0.631073
   2.236      0.629247
   2.239      0.627426
   2.242      0.625610
   2.245      0.623798
   2.248      0.621992
   2.252      0.620191
   2.255      0.618394
   2.258      0.616602
   2.261      0.614816
   2.264      0.613034
   2.267      0.611256
   2.271      0.609484
   2.274      0.607716
   2.277      0.605953
   2.280      0.604195
   2.283      0.602442
   2.286      0.600693
   2.290      0.598949
   2.293      0.597210
   2.296      0.595476
   2.299      0.593746
   2.302      0.592021
   2.305      0.590300
   2.309      0.588584
   2.312      0.586873
   2.315      0.585166
   2.318      0.583464
   2.321      0.581767
   2.324      0.580074
   2.328      0.578385
   2.331      0.576701
   2.334      0.575022
   2.337      0.573347
   2.340      0.571677
   2.343      0.570011
   2.347      0.568350
   2.350      0.566693
   2.353      0.565040
   2.356      0.563392
   2.359      0.561749
   2.362      0.560110
   2.366      0.558475
   2.369      0.556844
   2.372      0.555218
   2.375      0.553597
   2.378      0.551979
   2.381      0.550366
   2.385      0.548758
   2.388      0.547153
   2.391      0.545553
   2.394      0.543957
   2.397      0.542366
   2.400      0.540779
   2.404      0.539195
   2.407      0.537617
   2.410      0.536042
   2.413      0.534472
   2.416      0.532906
   2.419      0.531344
   2.423      0.529786
   2.426      0.528232
   2.429      0.526682
   2.432      0.525137
   2.435      0.523596
   2.438      0.522059
   2.442      0.520526
   2.445      0.518997
   2.448      0.517472
   2.451      0.515951
   2.454      0.514434
   2.457      0.512921
   2.461      0.511412
   2.464      0.509908
   2.467      0.508407
   2.470      0.506910
   2.473      0.505417
   2.476      0.503929
   2.480      0.502444
   2.483      0.500963
   2.486      0.499486
   2.489      0.498013
   2.492      0.496544
   2.495      0.495078
   2.499      0.493617
   2.502      0.492159
   2.505      0.490706
   2.508      0.489256
   2.511      0.487810
   2.514      0.486368
   2.518      0.484929
   2.521      0.483495
   2.524      0.482064
   2.527      0.480637
   2.530      0.479214
   2.533      0.477795
   2.537      0.476379
   2.540      0.474967
   2.543      0.473559
   2.546      0.472154
   2.549      0.470754
   2.552      0.469357
   2.556      0.467963
   2.559      0.466573
   2.562      0.465187
   2.565      0.463805
   2.568      0.462426
   2.571      0.461051
   2.575      0.459679
   2.578      0.458312
   2.581      0.456947
   2.584      0.455586
   2.587      0.454229
   2.590      0.452876
   2.594      0.451526
   2.597      0.450179
   2.600      0.448836
   2.603      0.447497
   2.606      0.446161
   2.609      0.444828
   2.613      0.443499
   2.616      0.442174
   2.619      0.440852
   2.622      0.439533
   2.625      0.438218
   2.628      0.436907
   2.632      0.435598
   2.635      0.434294
   2.638      0.432992
   2.641      0.431694
   2.644      0.430400
   2.647      0.429108
   2.651      0.427821
   2.654      0.426536
   2.657      0.425255
   2.660      0.423977
   2.663      0.422703
   2.666      0.421432
   2.670      0.420164
   2.673      0.418899
   2.676      0.417638
   2.679      0.416380
   2.682      0.415125
   2.685      0.413874
   2.688      0.412626
   2.692      0.411381
   2.695      0.410139
   2.698      0.408901
   2.701      0.407665
   2.704      0.406433
   2.707      0.405204
   2.711      0.403979
   2.714      0.402756
   2.717      0.401537
   2.720      0.400321
   2.723      0.399108
   2.726      0.397898
   2.730      0.396691
   2.733      0.395487
   2.736      0.394287
   2.739      0.393089
   2.742      0.391895
   2.745      0.390704
   2.749      0.389516
   2.752      0.388331
   2.755      0.387149
   2.758      0.385970
   2.761      0.384794
   2.764      0.383621
   2.768      0.382451
   2.771      0.381284
   2.774      0.380120
   2.777      0.378959
   2.780      0.377801
   2.783      0.376646
   2.787      0.375494
   2.790      0.374345
   2.793      0.373199
   2.796      0.372056
   2.799      0.370916
   2.802      0.369779
   2.806      0.368644
   2.809      0.367513
   2.812      0.366384
   2.815      0.365259
   2.818      0.364136
   2.821      0.363016
   2.825      0.361899
   2.828      0.360785
   2.831      0.359674
   2.834      0.358565
   2.837      0.357459
   2.840      0.356357
   2.844      0.355257
   2.847      0.354159
   2.850      0.353065
   2.853      0.351973
   2.856      0.350885
   2.859      0.349799
   2.863      0.348715
   2.866      0.347635
   2.869      0.346557
   2.872      0.345482
   2.875      0.344410
   2.878      0.343340
   2.882      0.342273
   2.885      0.341209
   2.888      0.340148
   2.891      0.339089
   2.894      0.338033
   2.897      0.336979
   2.901      0.335929
   2.904      0.334881
   2.907      0.333835
   2.910      0.332793
   2.913      0.331752
   2.916      0.330715
   2.920      0.329680
   2.923      0.328648
   2.926      0.327618
   2.929      0.326591
   2.932      0.325567
   2.935      0.324545
   2.939      0.323526
   2.942      0.322509
   2.945      0.321495
   2.948      0.320483
   2.951      0.319474
   2.954      0.318468
   2.958      0.317464
   2.961      0.316462
   2.964      0.315463
   2.967      0.314467
   2.970      0.313473
   2.973      0.312482
   2.977      0.311493
   2.980      0.310506
   2.983      0.309522
   2.986      0.308541
   2.989      0.307562
   2.992      0.306585
   2.996      0.305611
   2.999      0.304639
   3.002      0.303670
   3.005      0.302703
   3.008      0.301739
   3.011      0.300777
   3.015      0.299817
   3.018      0.298860
   3.021      0.297905
   3.024      0.296953
   3.027      0.296003
   3.030      0.295055
   3.034      0.294110
   3.037      0.293167
   3.040      0.292226
   3.043      0.291288
   3.046      0.290352
   3.049      0.289418
   3.053      0.288487
   3.056      0.287558
   3.059      0.286631
   3.062      0.285707
   3.065      0.284785
   3.068      0.283865
   3.072      0.282948
   3.075      0.282032
   3.078      0.281120
   3.081      0.280209
   3.084      0.279300
   3.087      0.278394
   3.091      0.277490
   3.094      0.276588
   3.097      0.275689
   3.100      0.274792
   3.103      0.273897
   3.106      0.273004
   3.110      0.272113
   3.113      0.271225
   3.116      0.270338
   3.119      0.269454
   3.122      0.268572
   3.125      0.267693
   3.129      0.266815
   3.132      0.265940
   3.135      0.265066
   3.138      0.264195
   3.141      0.263326
   3.144      0.262460
   3.148      0.261595
   3.151      0.260732
   3.154      0.259872
   3.157      0.259013
   3.160      0.258157
   3.163      0.257303
   3.167      0.256451
   3.170      0.255601
   3.173      0.254753
   3.176      0.253907
   3.179      0.253063
   3.182      0.252222
   3.186      0.251382
   3.189      0.250544
   3.192      0.249709
   3.195      0.248875
   3.198      0.248044
   3.201      0.247214
   3.205      0.246387
   3.208      0.245561
   3.211      0.244738
   3.214      0.243917
   3.217      0.243097
   3.220      0.242280
   3.224      0.241464
   3.227      0.240651
   3.230      0.239839
   3.233      0.239030
   3.236      0.238222
   3.239      0.237416
   3.243      0.236613
   3.246      0.235811
   3.249      0.235011
   3.252      0.234213
   3.255      0.233418
   3.258      0.232623
   3.262      0.231831
   3.265      0.231041
   3.268      0.230253
   3.271      0.229467
   3.274      0.228682
   3.277      0.227900
   3.281      0.227119
   3.284      0.226340
   3.287      0.225563
   3.290      0.224788
   3.293      0.224015
   3.296      0.223243
   3.300      0.222474
   3.303      0.221706
   3.306      0.220940
   3.309      0.220176
   3.312      0.219414
   3.315      0.218654
   3.319      0.217895
   3.322      0.217139
   3.325      0.216384
   3.328      0.215631
   3.331      0.214879
   3.334      0.214130
   3.338      0.213382
   3.341      0.212636
   3.344      0.211892
   3.347      0.211150
   3.350      0.210409
   3.353      0.209670
   3.357      0.208933
   3.360      0.208198
   3.363      0.207464
   3.366      0.206732
   3.369      0.206002
   3.372      0.205274
   3.376      0.204547
   3.379      0.203822
   3.382      0.203099
   3.385      0.202378
   3.388      0.201658
   3.391      0.200940
   3.395      0.200223
   3.398      0.199509
   3.401      0.198796
   3.404      0.198084
   3.407      0.197375
   3.410      0.196667
   3.414      0.195960
   3.417      0.195256
   3.420      0.194553
   3.423      0.193851
   3.426      0.193152
   3.429      0.192454
   3.433      0.191757
   3.436      0.191062
   3.439      0.190369
   3.442      0.189678
   3.445      0.188988
   3.448      0.188300
   3.452      0.187613
   3.455      0.186928
   3.458      0.186245
   3.461      0.185563
   3.464      0.184882
   3.467      0.184204
   3.471      0.183527
   3.474      0.182851
   3.477      0.182177
   3.480      0.181505
   3.483      0.180834
   3.486      0.180165
   3.490      0.179497
   3.493      0.178831
   3.496      0.178167
   3.499      0.177504
   3.502      0.176842
   3.505      0.176182
   3.509      0.175524
   3.512      0.174867
   3.515      0.174211
   3.518      0.173557
   3.521      0.172905
   3.524      0.172254
   3.528      0.171605
   3.531      0.170957
   3.534      0.170311
   3.537      0.169666
   3.540      0.169023
   3.543      0.168381
   3.547      0.167740
   3.550      0.167101
   3.553      0.166464
   3.556      0.165828
   3.559      0.165193
   3.562      0.164560
   3.566      0.163929
   3.569      0.163298
   3.572      0.162670
   3.575      0.162042
   3.578      0.161417
   3.581      0.160792
   3.585      0.160169
   3.588      0.159548
   3.591      0.158927
   3.594      0.158309
   3.597      0.157691
   3.600      0.157075
   3.604      0.156461
   3.607      0.155848
   3.610      0.155236
   3.613      0.154626
   3.616      0.154017
   3.619      0.153409
   3.623      0.152803
   3.626      0.152198
   3.629      0.151595
   3.632      0.150993
   3.635      0.150392
   3.638      0.149793
   3.642      0.149195
   3.645      0.148598
   3.648      0.148003
   3.651      0.147409
   3.654      0.146816
   3.657      0.146225
   3.661      0.145635
   3.664      0.145046
   3.667      0.144459
   3.670      0.143873
   3.673      0.143288
   3.676      0.142705
   3.680      0.142123
   3.683      0.141542
   3.686      0.140963
   3.689      0.140384
   3.692      0.139808
   3.695      0.139232
   3.699      0.138658
   3.702      0.138085
   3.705      0.137513
   3.708      0.136943
   3.711      0.136373
   3.714      0.135805
   3.718      0.135239
   3.721      0.134673
   3.724      0.134109
   3.727      0.133546
   3.730      0.132985
   3.733      0.132424
   3.737      0.131865
   3.740      0.131307
   3.743      0.130751
   3.746      0.130195
   3.749      0.129641
   3.752      0.129088
   3.756      0.128536
   3.759      0.127986
   3.762      0.127436
   3.765      0.126888
   3.768      0.126341
   3.771      0.125796
   3.775      0.125251
   3.778      0.124708
   3.781      0.124166
   3.784      0.123625
   3.787      0.123085
   3.790      0.122546
   3.794      0.122009
   3.797      0.121473
   3.800      0.120937
   3.803      0.120404
   3.806      0.119871
   3.809      0.119339
   3.813      0.118809
   3.816      0.118280
   3.819      0.117751
   3.822      0.117224
   3.825      0.116699
   3.828      0.116174
   3.832      0.115650
   3.835      0.115128
   3.838      0.114607
   3.841      0.114087
   3.844      0.113567
   3.847      0.113050
   3.851      0.112533
   3.854      0.112017
   3.857      0.111502
   3.860      0.110989
   3.863      0.110477
   3.866      0.109965
   3.870      0.109455
   3.873      0.108946
   3.876      0.108438
   3.879      0.107931
   3.882      0.107425
   3.885      0.106921
   3.889      0.106417
   3.892      0.105914
   3.895      0.105413
   3.898      0.104912
   3.901      0.104413
   3.904      0.103915
   3.908      0.103417
   3.911      0.102921
   3.914      0.102426
   3.917      0.101932
   3.920      0.101439
   3.923      0.100947
   3.927      0.100456
   3.930      0.099966
   3.933      0.099477
   3.936      0.098989
   3.939      0.098502
   3.942      0.098016
   3.946      0.097532
   3.949      0.097048
   3.952      0.096565
   3.955      0.096083
   3.958      0.095602
   3.961      0.095123
   3.965      0.094644
   3.968      0.094166
   3.971      0.093689
   3.974      0.093214
   3.977      0.092739
   3.980      0.092265
   3.984      0.091792
   3.987      0.091320
   3.990      0.090849
   3.993      0.090380
   3.996      0.089911
   3.999      0.089443
   4.003      0.088976
   4.006      0.088510
   4.009      0.088045
   4.012      0.087581
   4.015      0.087118
   4.018      0.086655
   4.022      0.086194
   4.025      0.085734
   4.028      0.085274
   4.031      0.084816
   4.034      0.084359
   4.037      0.083902
   4.041      0.083446
   4.044      0.082992
   4.047      0.082538
   4.050      0.082085
   4.053      0.081633
   4.056      0.081182
   4.060      0.080732
   4.063      0.080283
   4.066      0.079835
   4.069      0.079388
   4.072      0.078941
   4.075      0.078496
   4.079      0.078051
   4.082      0.077607
   4.085      0.077164
   4.088      0.076722
   4.091      0.076281
   4.094      0.075841
   4.098      0.075402
   4.101      0.074963
   4.104      0.074526
   4.107      0.074089
   4.110      0.073653
   4.113      0.073218
   4.117      0.072784
   4.120      0.072351
   4.123      0.071919
   4.126      0.071487
   4.129      0.071056
   4.132      0.070627
   4.136      0.070198
   4.139      0.069769
   4.142      0.069342
   4.145      0.068916
   4.148      0.068490
   4.151      0.068065
   4.155      0.067641
   4.158      0.067218
   4.161      0.066796
   4.164      0.066375
   4.167      0.065954
   4.170      0.065534
   4.174      0.065115
   4.177      0.064697
   4.180      0.064280
   4.183      0.063863
   4.186      0.063447
   4.189      0.063032
   4.193      0.062618
   4.196      0.062205
   4.199      0.061792
   4.202      0.061381
   4.205      0.060970
   4.208      0.060559
   4.212      0.060150
   4.215      0.059741
   4.218      0.059334
   4.221      0.058926
   4.224      0.058520
   4.227      0.058115
   4.231      0.057710
   4.234      0.057306
   4.237      0.056903
   4.240      0.056500
   4.243      0.056099
   4.246      0.055698
   4.250      0.055298
   4.253      0.054898
   4.256      0.054499
   4.259      0.054101
   4.262      0.053704
   4.265      0.053308
   4.269      0.052912
   4.272      0.052517
   4.275      0.052123
   4.278      0.051729
   4.281      0.051337
   4.284      0.050945
   4.288      0.050553
   4.291      0.050163
   4.294      0.049773
   4.297      0.049384
   4.300      0.048995
   4.303      0.048608
   4.307      0.048221
   4.310      0.047834
   4.313      0.047449
   4.316      0.047064
   4.319      0.046680
   4.322      0.046296
   4.326      0.045913
   4.329      0.045531
   4.332      0.045150
   4.335      0.044769
   4.338      0.044389
   4.341      0.044010
   4.345      0.043631
   4.348      0.043253
   4.351      0.042876
   4.354      0.042499
   4.357      0.042123
   4.360      0.041748
   4.364      0.041373
   4.367      0.040999
   4.370      0.040626
   4.373      0.040253
   4.376      0.039881
   4.379      0.039510
   4.383      0.039139
   4.386      0.038769
   4.389      0.038400
   4.392      0.038031
   4.395      0.037663
   4.398      0.037295
   4.402      0.036929
   4.405      0.036562
   4.408      0.036197
   4.411      0.035832
   4.414      0.035468
   4.417      0.035104
   4.421      0.034741
   4.424      0.034379
   4.427      0.034017
   4.430      0.033656
   4.433      0.033295
   4.436      0.032935
   4.440      0.032576
   4.443      0.032218
   4.446      0.031859
   4.449      0.031502
   4.452      0.031145
   4.455      0.030789
   4.459      0.030433
   4.462      0.030078
   4.465      0.029724
   4.468      0.029370
   4.471      0.029017
   4.474      0.028664
   4.478      0.028312
   4.481      0.027960
   4.484      0.027609
   4.487      0.027259
   4.490      0.026909
   4.493      0.026560
   4.497      0.026212
   4.500      0.025863
   4.503      0.025516
   4.506      0.025169
   4.509      0.024823
   4.512      0.024477
   4.516      0.024132
   4.519      0.023787
   4.522      0.023443
   4.525      0.023100
   4.528      0.022757
   4.532      0.022414
   4.535      0.022072
   4.538      0.021731
   4.541      0.021390
   4.544      0.021050
   4.547      0.020710
   4.551      0.020371
   4.554      0.020032
   4.557      0.019694
   4.560      0.019357
   4.563      0.019020
   4.566      0.018683
   4.570      0.018347
   4.573      0.018012
   4.576      0.017677
   4.579      0.017343
   4.582      0.017009
   4.585      0.016675
   4.589      0.016342
   4.592      0.016010
   4.595      0.015678
   4.598      0.015347
   4.601      0.015016
   4.604      0.014686
   4.608      0.014356
   4.611      0.014027
   4.614      0.013698
   4.617      0.013369
   4.620      0.013042
   4.623      0.012714
   4.627      0.012387
   4.630      0.012061
   4.633      0.011735
   4.636      0.011410
   4.639      0.011085
   4.642      0.010760
   4.646      0.010436
   4.649      0.010113
   4.652      0.009790
   4.655      0.009467
   4.658      0.009145
   4.661      0.008824
   4.665      0.008502
   4.668      0.008182
   4.671      0.007862
   4.674      0.007542
   4.677      0.007222
   4.680      0.006904
   4.684      0.006585
   4.687      0.006267
   4.690      0.005950
   4.693      0.005633
   4.696      0.005316
   4.699      0.005000
   4.703      0.004684
   4.706      0.004369
   4.709      0.004054
   4.712      0.003740
   4.715      0.003426
   4.718      0.003112
   4.722      0.002799
   4.725      0.002486
   4.728      0.002174
   4.731      0.001862
   4.734      0.001551
   4.737      0.001240
   4.741      0.000929
   4.744      0.000619
   4.747      0.000309
   4.750      0.000000
