   0.000      0.005094
   0.003      0.058480
   0.005      0.111866
   0.008      0.167059
   0.011      0.222474
   0.013      0.277927
   0.016      0.333366
   0.019      0.388769
   0.021      0.444120
   0.024      0.499408
   0.027      0.554624
   0.029      0.609757
   0.032      0.664799
   0.035      0.719742
   0.037      0.774575
   0.040      0.829290
   0.043      0.883878
   0.045      0.938331
   0.048      0.992639
   0.051      1.046794
   0.053      1.100786
   0.056      1.154606
   0.059      1.208246
   0.061      1.261696
   0.064      1.314947
   0.067      1.367990
   0.069      1.420815
   0.072      1.473412
   0.075      1.525774
   0.077      1.577889
   0.080      1.629748
   0.083      1.681342
   0.085      1.732662
   0.088      1.783696
   0.091      1.834436
   0.093      1.884872
   0.096      1.934994
   0.099      1.984791
   0.101      2.034255
   0.104      2.083375
   0.107      2.132140
   0.109      2.180542
   0.112      2.228570
   0.115      2.276214
   0.117      2.323463
   0.120      2.370309
   0.123      2.416740
   0.125      2.462747
   0.128      2.508320
   0.131      2.553449
   0.133      2.598124
   0.136      2.642335
   0.139      2.686073
   0.141      2.729326
   0.144      2.772087
   0.147      2.814345
   0.149      2.856091
   0.152      2.897316
   0.155      2.938010
   0.157      2.978164
   0.160      3.017769
   0.163      3.056816
   0.165      3.095297
   0.168      3.133204
   0.171      3.170527
   0.173      3.207259
   0.176      3.243393
   0.179      3.278919
   0.181      3.313832
   0.184      3.348123
   0.187      3.381786
   0.189      3.414815
   0.192      3.447203
   0.195      3.478943
   0.197      3.510031
   0.200      3.540461
   0.203      3.570227
   0.205      3.599326
   0.208      3.627753
   0.211      3.655504
   0.213      3.682575
   0.216      3.708963
   0.219      3.734665
   0.221      3.759679
   0.224      3.784004
   0.227      3.807637
   0.229      3.830577
   0.232      3.852824
   0.235      3.874378
   0.237      3.895238
   0.240      3.915406
   0.243      3.934882
   0.245      3.953669
   0.248      3.971768
   0.251      3.989182
   0.253      4.005914
   0.256      4.021967
   0.259      4.037346
   0.261      4.052054
   0.264      4.066097
   0.267      4.079480
   0.269      4.092208
   0.272      4.104289
   0.275      4.115728
   0.277      4.126532
   0.280      4.136710
   0.283      4.146268
   0.285      4.155216
   0.288      4.163562
   0.291      4.171315
   0.293      4.178484
   0.296      4.185079
   0.299      4.191111
   0.301      4.196588
   0.304      4.201523
   0.307      4.205926
   0.309      4.209808
   0.312      4.213181
   0.315      4.216055
   0.317      4.218444
   0.320      4.220359
   0.323      4.221812
   0.325      4.222815
   0.328      4.223381
   0.331      4.223522
   0.333      4.223251
   0.336      4.222580
   0.339      4.221523
   0.341      4.220090
   0.344      4.218296
   0.347      4.216152
   0.349      4.213671
   0.352      4.210865
   0.355      4.207747
   0.357      4.204329
   0.360      4.200623
   0.363      4.196640
   0.365      4.192393
   0.368      4.187892
   0.371      4.183149
   0.373      4.178176
   0.376      4.172982
   0.379      4.167578
   0.381      4.161975
   0.384      4.156182
   0.387      4.150210
   0.389      4.144068
   0.392      4.137764
   0.395      4.131308
   0.397      4.124708
   0.400      4.117972
   0.403      4.111108
   0.405      4.104123
   0.408      4.097026
   0.411      4.089822
   0.413      4.082517
   0.416      4.075120
   0.419      4.067634
   0.421      4.060066
   0.424      4.052421
   0.427      4.044703
   0.429      4.036919
   0.432      4.029070
   0.435      4.021163
   0.437      4.013200
   0.440      4.005186
   0.443      3.997122
   0.445      3.989013
   0.448      3.980861
   0.451      3.972668
   0.453      3.964437
   0.456      3.956170
   0.459      3.947868
   0.461      3.939534
   0.464      3.931169
   0.467      3.922774
   0.469      3.914350
   0.472      3.905899
   0.475      3.897421
   0.477      3.888917
   0.480      3.880388
   0.483      3.871834
   0.485      3.863256
   0.488      3.854654
   0.491      3.846030
   0.493      3.837382
   0.496      3.828711
   0.499      3.820017
   0.501      3.811301
   0.504      3.802563
   0.507      3.793802
   0.509      3.785019
   0.512      3.776214
   0.515      3.767387
   0.517      3.758537
   0.520      3.749666
   0.523      3.740773
   0.525      3.731858
   0.528      3.722921
   0.531      3.713962
   0.533      3.704982
   0.536      3.695980
   0.539      3.686957
   0.541      3.677913
   0.544      3.668848
   0.547      3.659762
   0.549      3.650656
   0.552      3.641529
   0.555      3.632383
   0.557      3.623217
   0.560      3.614032
   0.563      3.604828
   0.565      3.595606
   0.568      3.586365
   0.571      3.577107
   0.573      3.567832
   0.576      3.558540
   0.579      3.549231
   0.581      3.539907
   0.584      3.530568
   0.587      3.521214
   0.589      3.511846
   0.592      3.502464
   0.595      3.493069
   0.597      3.483661
   0.600      3.474242
   0.603      3.464811
   0.605      3.455369
   0.608      3.445917
   0.611      3.436456
   0.613      3.426985
   0.616      3.417506
   0.619      3.408019
   0.621      3.398525
   0.624      3.389024
   0.627      3.379516
   0.629      3.370003
   0.632      3.360486
   0.635      3.350963
   0.637      3.341437
   0.640      3.331908
   0.643      3.322375
   0.645      3.312841
   0.648      3.303305
   0.651      3.293767
   0.653      3.284229
   0.656      3.274691
   0.659      3.265154
   0.661      3.255617
   0.664      3.246082
   0.667      3.236548
   0.669      3.227017
   0.672      3.217489
   0.675      3.207965
   0.677      3.198444
   0.680      3.188927
   0.683      3.179415
   0.685      3.169908
   0.688      3.160407
   0.691      3.150912
   0.693      3.141423
   0.696      3.131941
   0.699      3.122467
   0.701      3.113000
   0.704      3.103540
   0.707      3.094090
   0.709      3.084648
   0.712      3.075215
   0.715      3.065792
   0.717      3.056378
   0.720      3.046975
   0.723      3.037582
   0.725      3.028201
   0.728      3.018830
   0.731      3.009471
   0.733      3.000123
   0.736      2.990788
   0.739      2.981465
   0.741      2.972155
   0.744      2.962858
   0.747      2.953574
   0.749      2.944304
   0.752      2.935048
   0.755      2.925805
   0.757      2.916577
   0.760      2.907364
   0.763      2.898166
   0.765      2.888982
   0.768      2.879814
   0.771      2.870662
   0.773      2.861525
   0.776      2.852405
   0.779      2.843300
   0.781      2.834213
   0.784      2.825141
   0.787      2.816087
   0.789      2.807050
   0.792      2.798030
   0.795      2.789027
   0.797      2.780042
   0.800      2.771075
   0.803      2.762126
   0.805      2.753195
   0.808      2.744283
   0.811      2.735389
   0.813      2.726514
   0.816      2.717657
   0.819      2.708820
   0.821      2.700001
   0.824      2.691202
   0.827      2.682422
   0.829      2.673662
   0.832      2.664921
   0.835      2.656201
   0.837      2.647500
   0.840      2.638819
   0.843      2.630159
   0.845      2.621519
   0.848      2.612899
   0.851      2.604299
   0.853      2.595721
   0.856      2.587163
   0.859      2.578626
   0.861      2.570110
   0.864      2.561614
   0.867      2.553140
   0.869      2.544688
   0.872      2.536256
   0.875      2.527846
   0.877      2.519457
   0.880      2.511090
   0.883      2.502744
   0.885      2.494420
   0.888      2.486118
   0.891      2.477838
   0.893      2.469579
   0.896      2.461343
   0.899      2.453128
   0.901      2.444936
   0.904      2.436765
   0.907      2.428617
   0.909      2.420491
   0.912      2.412387
   0.915      2.404306
   0.917      2.396246
   0.920      2.388210
   0.923      2.380195
   0.925      2.372203
   0.928      2.364234
   0.931      2.356287
   0.933      2.348363
   0.936      2.340461
   0.939      2.332582
   0.941      2.324726
   0.944      2.316892
   0.947      2.309081
   0.949      2.301292
   0.952      2.293527
   0.955      2.285784
   0.957      2.278064
   0.960      2.270366
   0.963      2.262692
   0.965      2.255040
   0.968      2.247411
   0.971      2.239804
   0.973      2.232221
   0.976      2.224660
   0.979      2.217123
   0.981      2.209608
   0.984      2.202116
   0.987      2.194646
   0.989      2.187200
   0.992      2.179776
   0.995      2.172375
   0.997      2.164997
   1.000      2.157642
   1.003      2.150309
   1.005      2.143000
   1.008      2.135713
   1.011      2.128448
   1.013      2.121207
   1.016      2.113988
   1.019      2.106792
   1.021      2.099619
   1.024      2.092468
   1.027      2.085340
   1.029      2.078234
   1.032      2.071152
   1.035      2.064091
   1.037      2.057054
   1.040      2.050038
   1.043      2.043046
   1.045      2.036076
   1.048      2.029128
   1.051      2.022203
   1.053      2.015300
   1.056      2.008419
   1.059      2.001561
   1.061      1.994725
   1.064      1.987911
   1.067      1.981120
   1.069      1.974351
   1.072      1.967604
   1.075      1.960879
   1.077      1.954176
   1.080      1.947496
   1.083      1.940837
   1.085      1.934200
   1.088      1.927586
   1.091      1.920993
   1.093      1.914422
   1.096      1.907873
   1.099      1.901346
   1.101      1.894841
   1.104      1.888357
   1.107      1.881895
   1.109      1.875454
   1.112      1.869035
   1.115      1.862638
   1.117      1.856262
   1.120      1.849908
   1.123      1.843575
   1.125      1.837263
   1.128      1.830973
   1.131      1.824704
   1.133      1.818456
   1.136      1.812230
   1.139      1.806024
   1.141      1.799840
   1.144      1.793677
   1.147      1.787534
   1.149      1.781413
   1.152      1.775312
   1.155      1.769233
   1.157      1.763174
   1.160      1.757136
   1.163      1.751118
   1.165      1.745121
   1.168      1.739145
   1.171      1.733189
   1.173      1.727254
   1.176      1.721339
   1.179      1.715445
   1.181      1.709571
   1.184      1.703717
   1.187      1.697883
   1.189      1.692069
   1.192      1.686276
   1.195      1.680503
   1.197      1.674749
   1.200      1.669016
   1.203      1.663302
   1.205      1.657609
   1.208      1.651935
   1.211      1.646280
   1.213      1.640646
   1.216      1.635031
   1.219      1.629436
   1.221      1.623860
   1.224      1.618303
   1.227      1.612766
   1.229      1.607248
   1.232      1.601750
   1.235      1.596271
   1.237      1.590811
   1.240      1.585370
   1.243      1.579948
   1.245      1.574545
   1.248      1.569161
   1.251      1.563796
   1.253      1.558449
   1.256      1.553122
   1.259      1.547813
   1.261      1.542523
   1.264      1.537251
   1.267      1.531998
   1.269      1.526763
   1.272      1.521547
   1.275      1.516349
   1.277      1.511170
   1.280      1.506008
   1.283      1.500865
   1.285      1.495740
   1.288      1.490633
   1.291      1.485544
   1.293      1.480473
   1.296      1.475420
   1.299      1.470385
   1.301      1.465368
   1.304      1.460368
   1.307      1.455386
   1.309      1.450422
   1.312      1.445475
   1.315      1.440545
   1.317      1.435633
   1.320      1.430739
   1.323      1.425861
   1.325      1.421001
   1.328      1.416159
   1.331      1.411333
   1.333      1.406525
   1.336      1.401733
   1.339      1.396958
   1.341      1.392201
   1.344      1.387460
   1.347      1.382736
   1.349      1.378029
   1.352      1.373338
   1.355      1.368665
   1.357      1.364007
   1.360      1.359367
   1.363      1.354742
   1.365      1.350134
   1.368      1.345543
   1.371      1.340967
   1.373      1.336408
   1.376      1.331866
   1.379      1.327339
   1.381      1.322828
   1.384      1.318334
   1.387      1.313855
   1.389      1.309392
   1.392      1.304945
   1.395      1.300514
   1.397      1.296099
   1.400      1.291699
   1.403      1.287315
   1.405      1.282946
   1.408      1.278593
   1.411      1.274256
   1.413      1.269934
   1.416      1.265627
   1.419      1.261335
   1.421      1.257059
   1.424      1.252798
   1.427      1.248552
   1.429      1.244321
   1.432      1.240105
   1.435      1.235904
   1.437      1.231718
   1.440      1.227547
   1.443      1.223391
   1.445      1.219249
   1.448      1.215122
   1.451      1.211010
   1.453      1.206912
   1.456      1.202829
   1.459      1.198760
   1.461      1.194706
   1.464      1.190666
   1.467      1.186641
   1.469      1.182630
   1.472      1.178633
   1.475      1.174650
   1.477      1.170681
   1.480      1.166727
   1.483      1.162786
   1.485      1.158859
   1.488      1.154947
   1.491      1.151048
   1.493      1.147163
   1.496      1.143291
   1.499      1.139434
   1.501      1.135590
   1.504      1.131760
   1.507      1.127943
   1.509      1.124139
   1.512      1.120350
   1.515      1.116573
   1.517      1.112810
   1.520      1.109060
   1.523      1.105324
   1.525      1.101601
   1.528      1.097891
   1.531      1.094194
   1.533      1.090510
   1.536      1.086839
   1.539      1.083181
   1.541      1.079536
   1.544      1.075903
   1.547      1.072284
   1.549      1.068677
   1.552      1.065083
   1.555      1.061502
   1.557      1.057934
   1.560      1.054378
   1.563      1.050834
   1.565      1.047303
   1.568      1.043785
   1.571      1.040278
   1.573      1.036785
   1.576      1.033303
   1.579      1.029834
   1.581      1.026377
   1.584      1.022932
   1.587      1.019499
   1.589      1.016078
   1.592      1.012669
   1.595      1.009273
   1.597      1.005888
   1.600      1.002515
   1.603      0.999154
   1.605      0.995804
   1.608      0.992467
   1.611      0.989141
   1.613      0.985827
   1.616      0.982524
   1.619      0.979233
   1.621      0.975954
   1.624      0.972686
   1.627      0.969429
   1.629      0.966184
   1.632      0.962950
   1.635      0.959728
   1.637      0.956517
   1.640      0.953317
   1.643      0.950128
   1.645      0.946950
   1.648      0.943783
   1.651      0.940628
   1.653      0.937483
   1.656      0.934350
   1.659      0.931227
   1.661      0.928115
   1.664      0.925015
   1.667      0.921924
   1.669      0.918845
   1.672      0.915777
   1.675      0.912719
   1.677      0.909671
   1.680      0.906635
   1.683      0.903608
   1.685      0.900593
   1.688      0.897588
   1.691      0.894593
   1.693      0.891609
   1.696      0.888635
   1.699      0.885671
   1.701      0.882718
   1.704      0.879775
   1.707      0.876842
   1.709      0.873919
   1.712      0.871006
   1.715      0.868104
   1.717      0.865211
   1.720      0.862329
   1.723      0.859456
   1.725      0.856594
   1.728      0.853741
   1.731      0.850898
   1.733      0.848065
   1.736      0.845242
   1.739      0.842428
   1.741      0.839624
   1.744      0.836830
   1.747      0.834046
   1.749      0.831271
   1.752      0.828505
   1.755      0.825749
   1.757      0.823003
   1.760      0.820266
   1.763      0.817539
   1.765      0.814820
   1.768      0.812112
   1.771      0.809412
   1.773      0.806722
   1.776      0.804041
   1.779      0.801369
   1.781      0.798706
   1.784      0.796053
   1.787      0.793408
   1.789      0.790773
   1.792      0.788146
   1.795      0.785529
   1.797      0.782921
   1.800      0.780321
   1.803      0.777730
   1.805      0.775149
   1.808      0.772576
   1.811      0.770011
   1.813      0.767456
   1.816      0.764909
   1.819      0.762371
   1.821      0.759842
   1.824      0.757321
   1.827      0.754809
   1.829      0.752305
   1.832      0.749810
   1.835      0.747323
   1.837      0.744845
   1.840      0.742375
   1.843      0.739914
   1.845      0.737461
   1.848      0.735016
   1.851      0.732579
   1.853      0.730151
   1.856      0.727731
   1.859      0.725320
   1.861      0.722916
   1.864      0.720520
   1.867      0.718133
   1.869      0.715754
   1.872      0.713382
   1.875      0.711019
   1.877      0.708664
   1.880      0.706317
   1.883      0.703977
   1.885      0.701646
   1.888      0.699322
   1.891      0.697006
   1.893      0.694698
   1.896      0.692398
   1.899      0.690105
   1.901      0.687820
   1.904      0.685543
   1.907      0.683274
   1.909      0.681012
   1.912      0.678758
   1.915      0.676511
   1.917      0.674272
   1.920      0.672040
   1.923      0.669816
   1.925      0.667599
   1.928      0.665390
   1.931      0.663188
   1.933      0.660993
   1.936      0.658806
   1.939      0.656626
   1.941      0.654453
   1.944      0.652288
   1.947      0.650130
   1.949      0.647979
   1.952      0.645835
   1.955      0.643698
   1.957      0.641569
   1.960      0.639446
   1.963      0.637331
   1.965      0.635222
   1.968      0.633121
   1.971      0.631027
   1.973      0.628939
   1.976      0.626859
   1.979      0.624785
   1.981      0.622718
   1.984      0.620658
   1.987      0.618605
   1.989      0.616559
   1.992      0.614520
   1.995      0.612487
   1.997      0.610461
   2.000      0.608442
   2.003      0.606429
   2.005      0.604423
   2.008      0.602424
   2.011      0.600431
   2.013      0.598445
   2.016      0.596465
   2.019      0.594492
   2.021      0.592525
   2.024      0.590565
   2.027      0.588611
   2.029      0.586664
   2.032      0.584723
   2.035      0.582789
   2.037      0.580860
   2.040      0.578939
   2.043      0.577023
   2.045      0.575114
   2.048      0.573211
   2.051      0.571314
   2.053      0.569423
   2.056      0.567539
   2.059      0.565661
   2.061      0.563789
   2.064      0.561923
   2.067      0.560063
   2.069      0.558209
   2.072      0.556361
   2.075      0.554520
   2.077      0.552684
   2.080      0.550854
   2.083      0.549031
   2.085      0.547213
   2.088      0.545401
   2.091      0.543595
   2.093      0.541795
   2.096      0.540000
   2.099      0.538212
   2.101      0.536429
   2.104      0.534652
   2.107      0.532881
   2.109      0.531116
   2.112      0.529356
   2.115      0.527602
   2.117      0.525854
   2.120      0.524111
   2.123      0.522374
   2.125      0.520643
   2.128      0.518917
   2.131      0.517197
   2.133      0.515482
   2.136      0.513773
   2.139      0.512069
   2.141      0.510371
   2.144      0.508678
   2.147      0.506991
   2.149      0.505309
   2.152      0.503633
   2.155      0.501962
   2.157      0.500296
   2.160      0.498635
   2.163      0.496980
   2.165      0.495331
   2.168      0.493686
   2.171      0.492047
   2.173      0.490413
   2.176      0.488785
   2.179      0.487161
   2.181      0.485543
   2.184      0.483930
   2.187      0.482322
   2.189      0.480719
   2.192      0.479121
   2.195      0.477529
   2.197      0.475941
   2.200      0.474359
   2.203      0.472781
   2.205      0.471209
   2.208      0.469642
   2.211      0.468079
   2.213      0.466522
   2.216      0.464969
   2.219      0.463422
   2.221      0.461879
   2.224      0.460341
   2.227      0.458808
   2.229      0.457280
   2.232      0.455757
   2.235      0.454239
   2.237      0.452725
   2.240      0.451216
   2.243      0.449712
   2.245      0.448213
   2.248      0.446718
   2.251      0.445228
   2.253      0.443743
   2.256      0.442263
   2.259      0.440787
   2.261      0.439316
   2.264      0.437849
   2.267      0.436388
   2.269      0.434930
   2.272      0.433477
   2.275      0.432029
   2.277      0.430586
   2.280      0.429147
   2.283      0.427712
   2.285      0.426282
   2.288      0.424856
   2.291      0.423435
   2.293      0.422018
   2.296      0.420606
   2.299      0.419198
   2.301      0.417795
   2.304      0.416396
   2.307      0.415001
   2.309      0.413611
   2.312      0.412225
   2.315      0.410843
   2.317      0.409466
   2.320      0.408093
   2.323      0.406724
   2.325      0.405359
   2.328      0.403999
   2.331      0.402643
   2.333      0.401291
   2.336      0.399943
   2.339      0.398600
   2.341      0.397260
   2.344      0.395925
   2.347      0.394594
   2.349      0.393267
   2.352      0.391944
   2.355      0.390625
   2.357      0.389311
   2.360      0.388000
   2.363      0.386693
   2.365      0.385391
   2.368      0.384092
   2.371      0.382798
   2.373      0.381507
   2.376      0.380221
   2.379      0.378938
   2.381      0.377659
   2.384      0.376385
   2.387      0.375114
   2.389      0.373847
   2.392      0.372584
   2.395      0.371325
   2.397      0.370069
   2.400      0.368818
   2.403      0.367570
   2.405      0.366326
   2.408      0.365086
   2.411      0.363850
   2.413      0.362618
   2.416      0.361389
   2.419      0.360164
   2.421      0.358943
   2.424      0.357726
   2.427      0.356512
   2.429      0.355302
   2.432      0.354095
   2.435      0.352893
   2.437      0.351694
   2.440      0.350498
   2.443      0.349307
   2.445      0.348118
   2.448      0.346934
   2.451      0.345753
   2.453      0.344576
   2.456      0.343402
   2.459      0.342231
   2.461      0.341065
   2.464      0.339902
   2.467      0.338742
   2.469      0.337586
   2.472      0.336433
   2.475      0.335284
   2.477      0.334138
   2.480      0.332996
   2.483      0.331857
   2.485      0.330722
   2.488      0.329590
   2.491      0.328461
   2.493      0.327336
   2.496      0.326214
   2.499      0.325096
   2.501      0.323981
   2.504      0.322869
   2.507      0.321760
   2.509      0.320655
   2.512      0.319554
   2.515      0.318455
   2.517      0.317360
   2.520      0.316268
   2.523      0.315179
   2.525      0.314094
   2.528      0.313012
   2.531      0.311933
   2.533      0.310857
   2.536      0.309784
   2.539      0.308715
   2.541      0.307649
   2.544      0.306586
   2.547      0.305526
   2.549      0.304470
   2.552      0.303416
   2.555      0.302366
   2.557      0.301318
   2.560      0.300274
   2.563      0.299233
   2.565      0.298195
   2.568      0.297160
   2.571      0.296128
   2.573      0.295099
   2.576      0.294074
   2.579      0.293051
   2.581      0.292031
   2.584      0.291014
   2.587      0.290001
   2.589      0.288990
   2.592      0.287982
   2.595      0.286977
   2.597      0.285975
   2.600      0.284977
   2.603      0.283981
   2.605      0.282987
   2.608      0.281997
   2.611      0.281010
   2.613      0.280026
   2.616      0.279044
   2.619      0.278066
   2.621      0.277090
   2.624      0.276117
   2.627      0.275147
   2.629      0.274180
   2.632      0.273215
   2.635      0.272254
   2.637      0.271295
   2.640      0.270339
   2.643      0.269386
   2.645      0.268436
   2.648      0.267488
   2.651      0.266543
   2.653      0.265601
   2.656      0.264661
   2.659      0.263725
   2.661      0.262791
   2.664      0.261859
   2.667      0.260931
   2.669      0.260005
   2.672      0.259082
   2.675      0.258161
   2.677      0.257243
   2.680      0.256328
   2.683      0.255415
   2.685      0.254505
   2.688      0.253598
   2.691      0.252693
   2.693      0.251791
   2.696      0.250892
   2.699      0.249995
   2.701      0.249100
   2.704      0.248209
   2.707      0.247319
   2.709      0.246433
   2.712      0.245548
   2.715      0.244667
   2.717      0.243788
   2.720      0.242911
   2.723      0.242037
   2.725      0.241165
   2.728      0.240296
   2.731      0.239430
   2.733      0.238566
   2.736      0.237704
   2.739      0.236845
   2.741      0.235988
   2.744      0.235133
   2.747      0.234281
   2.749      0.233432
   2.752      0.232585
   2.755      0.231740
   2.757      0.230898
   2.760      0.230058
   2.763      0.229220
   2.765      0.228385
   2.768      0.227552
   2.771      0.226722
   2.773      0.225894
   2.776      0.225068
   2.779      0.224245
   2.781      0.223424
   2.784      0.222605
   2.787      0.221788
   2.789      0.220974
   2.792      0.220162
   2.795      0.219352
   2.797      0.218545
   2.800      0.217740
   2.803      0.216937
   2.805      0.216137
   2.808      0.215338
   2.811      0.214542
   2.813      0.213748
   2.816      0.212957
   2.819      0.212167
   2.821      0.211380
   2.824      0.210595
   2.827      0.209812
   2.829      0.209031
   2.832      0.208253
   2.835      0.207476
   2.837      0.206702
   2.840      0.205930
   2.843      0.205160
   2.845      0.204392
   2.848      0.203627
   2.851      0.202863
   2.853      0.202102
   2.856      0.201342
   2.859      0.200585
   2.861      0.199830
   2.864      0.199077
   2.867      0.198326
   2.869      0.197577
   2.872      0.196830
   2.875      0.196086
   2.877      0.195343
   2.880      0.194602
   2.883      0.193864
   2.885      0.193127
   2.888      0.192392
   2.891      0.191660
   2.893      0.190929
   2.896      0.190201
   2.899      0.189474
   2.901      0.188749
   2.904      0.188027
   2.907      0.187306
   2.909      0.186587
   2.912      0.185871
   2.915      0.185156
   2.917      0.184443
   2.920      0.183732
   2.923      0.183023
   2.925      0.182316
   2.928      0.181611
   2.931      0.180908
   2.933      0.180207
   2.936      0.179507
   2.939      0.178810
   2.941      0.178114
   2.944      0.177420
   2.947      0.176728
   2.949      0.176038
   2.952      0.175350
   2.955      0.174664
   2.957      0.173980
   2.960      0.173297
   2.963      0.172616
   2.965      0.171937
   2.968      0.171260
   2.971      0.170585
   2.973      0.169911
   2.976      0.169240
   2.979      0.168570
   2.981      0.167901
   2.984      0.167235
   2.987      0.166571
   2.989      0.165908
   2.992      0.165247
   2.995      0.164588
   2.997      0.163930
   3.000      0.163274
   3.003      0.162620
   3.005      0.161968
   3.008      0.161317
   3.011      0.160669
   3.013      0.160021
   3.016      0.159376
   3.019      0.158732
   3.021      0.158090
   3.024      0.157450
   3.027      0.156811
   3.029      0.156175
   3.032      0.155539
   3.035      0.154906
   3.037      0.154274
   3.040      0.153643
   3.043      0.153015
   3.045      0.152388
   3.048      0.151763
   3.051      0.151139
   3.053      0.150517
   3.056      0.149896
   3.059      0.149278
   3.061      0.148660
   3.064      0.148045
   3.067      0.147431
   3.069      0.146818
   3.072      0.146208
   3.075      0.145598
   3.077      0.144991
   3.080      0.144385
   3.083      0.143780
   3.085      0.143177
   3.088      0.142576
   3.091      0.141976
   3.093      0.141378
   3.096      0.140781
   3.099      0.140186
   3.101      0.139592
   3.104      0.139000
   3.107      0.138410
   3.109      0.137821
   3.112      0.137233
   3.115      0.136647
   3.117      0.136062
   3.120      0.135479
   3.123      0.134898
   3.125      0.134318
   3.128      0.133739
   3.131      0.133162
   3.133      0.132586
   3.136      0.132012
   3.139      0.131439
   3.141      0.130868
   3.144      0.130298
   3.147      0.129730
   3.149      0.129163
   3.152      0.128597
   3.155      0.128033
   3.157      0.127470
   3.160      0.126909
   3.163      0.126349
   3.165      0.125791
   3.168      0.125234
   3.171      0.124678
   3.173      0.124124
   3.176      0.123571
   3.179      0.123020
   3.181      0.122469
   3.184      0.121921
   3.187      0.121373
   3.189      0.120827
   3.192      0.120283
   3.195      0.119740
   3.197      0.119198
   3.200      0.118657
   3.203      0.118118
   3.205      0.117580
   3.208      0.117044
   3.211      0.116508
   3.213      0.115974
   3.216      0.115442
   3.219      0.114911
   3.221      0.114381
   3.224      0.113852
   3.227      0.113325
   3.229      0.112799
   3.232      0.112274
   3.235      0.111750
   3.237      0.111228
   3.240      0.110707
   3.243      0.110188
   3.245      0.109669
   3.248      0.109152
   3.251      0.108636
   3.253      0.108122
   3.256      0.107608
   3.259      0.107096
   3.261      0.106586
   3.264      0.106076
   3.267      0.105568
   3.269      0.105060
   3.272      0.104555
   3.275      0.104050
   3.277      0.103546
   3.280      0.103044
   3.283      0.102543
   3.285      0.102043
   3.288      0.101545
   3.291      0.101047
   3.293      0.100551
   3.296      0.100056
   3.299      0.099562
   3.301      0.099069
   3.304      0.098578
   3.307      0.098087
   3.309      0.097598
   3.312      0.097110
   3.315      0.096623
   3.317      0.096137
   3.320      0.095653
   3.323      0.095169
   3.325      0.094687
   3.328      0.094206
   3.331      0.093726
   3.333      0.093247
   3.336      0.092769
   3.339      0.092292
   3.341      0.091817
   3.344      0.091342
   3.347      0.090869
   3.349      0.090397
   3.352      0.089926
   3.355      0.089456
   3.357      0.088987
   3.360      0.088519
   3.363      0.088052
   3.365      0.087587
   3.368      0.087122
   3.371      0.086659
   3.373      0.086196
   3.376      0.085735
   3.379      0.085274
   3.381      0.084815
   3.384      0.084357
   3.387      0.083900
   3.389      0.083444
   3.392      0.082989
   3.395      0.082535
   3.397      0.082082
   3.400      0.081630
   3.403      0.081179
   3.405      0.080729
   3.408      0.080280
   3.411      0.079832
   3.413      0.079385
   3.416      0.078940
   3.419      0.078495
   3.421      0.078051
   3.424      0.077608
   3.427      0.077166
   3.429      0.076725
   3.432      0.076286
   3.435      0.075847
   3.437      0.075409
   3.440      0.074972
   3.443      0.074536
   3.445      0.074101
   3.448      0.073667
   3.451      0.073234
   3.453      0.072802
   3.456      0.072371
   3.459      0.071941
   3.461      0.071511
   3.464      0.071083
   3.467      0.070656
   3.469      0.070229
   3.472      0.069804
   3.475      0.069379
   3.477      0.068956
   3.480      0.068533
   3.483      0.068111
   3.485      0.067691
   3.488      0.067271
   3.491      0.066852
   3.493      0.066434
   3.496      0.066016
   3.499      0.065600
   3.501      0.065185
   3.504      0.064770
   3.507      0.064357
   3.509      0.063944
   3.512      0.063532
   3.515      0.063121
   3.517      0.062711
   3.520      0.062302
   3.523      0.061893
   3.525      0.061486
   3.528      0.061079
   3.531      0.060674
   3.533      0.060269
   3.536      0.059865
   3.539      0.059462
   3.541      0.059059
   3.544      0.058658
   3.547      0.058257
   3.549      0.057857
   3.552      0.057458
   3.555      0.057060
   3.557      0.056663
   3.560      0.056266
   3.563      0.055871
   3.565      0.055476
   3.568      0.055082
   3.571      0.054689
   3.573      0.054296
   3.576      0.053905
   3.579      0.053514
   3.581      0.053124
   3.584      0.052735
   3.587      0.052346
   3.589      0.051959
   3.592      0.051572
   3.595      0.051186
   3.597      0.050801
   3.600      0.050416
   3.603      0.050033
   3.605      0.049650
   3.608      0.049268
   3.611      0.048886
   3.613      0.048506
   3.616      0.048126
   3.619      0.047747
   3.621      0.047368
   3.624      0.046991
   3.627      0.046614
   3.629      0.046238
   3.632      0.045863
   3.635      0.045488
   3.637      0.045114
   3.640      0.044741
   3.643      0.044369
   3.645      0.043997
   3.648      0.043626
   3.651      0.043256
   3.653      0.042886
   3.656      0.042518
   3.659      0.042150
   3.661      0.041782
   3.664      0.041416
   3.667      0.041050
   3.669      0.040684
   3.672      0.040320
   3.675      0.039956
   3.677      0.039593
   3.680      0.039231
   3.683      0.038869
   3.685      0.038508
   3.688      0.038147
   3.691      0.037788
   3.693      0.037429
   3.696      0.037070
   3.699      0.036713
   3.701      0.036356
   3.704      0.035999
   3.707      0.035644
   3.709      0.035289
   3.712      0.034934
   3.715      0.034581
   3.717      0.034228
   3.720      0.033875
   3.723      0.033524
   3.725      0.033173
   3.728      0.032822
   3.731      0.032472
   3.733      0.032123
   3.736      0.031775
   3.739      0.031427
   3.741      0.031080
   3.744      0.030733
   3.747      0.030387
   3.749      0.030042
   3.752      0.029697
   3.755      0.029353
   3.757      0.029009
   3.760      0.028666
   3.763      0.028324
   3.765      0.027982
   3.768      0.027641
   3.771      0.027301
   3.773      0.026961
   3.776      0.026621
   3.779      0.026283
   3.781      0.025945
   3.784      0.025607
   3.787      0.025270
   3.789      0.024934
   3.792      0.024598
   3.795      0.024263
   3.797      0.023928
   3.800      0.023594
   3.803      0.023261
   3.805      0.022928
   3.808      0.022595
   3.811      0.022264
   3.813      0.021932
   3.816      0.021602
   3.819      0.021272
   3.821      0.020942
   3.824      0.020613
   3.827      0.020285
   3.829      0.019957
   3.832      0.019630
   3.835      0.019303
   3.837      0.018976
   3.840      0.018651
   3.843      0.018326
   3.845      0.018001
   3.848      0.017677
   3.851      0.017353
   3.853      0.017030
   3.856      0.016708
   3.859      0.016386
   3.861      0.016064
   3.864      0.015743
   3.867      0.015422
   3.869      0.015103
   3.872      0.014783
   3.875      0.014464
   3.877      0.014146
   3.880      0.013828
   3.883      0.013510
   3.885      0.013193
   3.888      0.012877
   3.891      0.012561
   3.893      0.012245
   3.896      0.011930
   3.899      0.011616
   3.901      0.011302
   3.904      0.010988
   3.907      0.010675
   3.909      0.010362
   3.912      0.010050
   3.915      0.009739
   3.917      0.009427
   3.920      0.009117
   3.923      0.008806
   3.925      0.008497
   3.928      0.008187
   3.931      0.007878
   3.933      0.007570
   3.936      0.007262
   3.939      0.006954
   3.941      0.006647
   3.944      0.006341
   3.947      0.006035
   3.949      0.005729
   3.952      0.005423
   3.955      0.005119
   3.957      0.004814
   3.960      0.004510
   3.963      0.004206
   3.965      0.003903
   3.968      0.003601
   3.971      0.003298
   3.973      0.002996
   3.976      0.002695
   3.979      0.002394
   3.981      0.002093
   3.984      0.001793
   3.987      0.001493
   3.989      0.001194
   3.992      0.000895
   3.995      0.000596
   3.997      0.000298
   4.000      0.000000
