   0.000      0.007527
   0.003      0.086353
   0.005      0.165179
   0.008      0.246663
   0.011      0.328463
   0.013      0.410300
   0.016      0.492094
   0.019      0.573805
   0.021      0.655409
   0.024      0.736883
   0.027      0.818208
   0.029      0.899364
   0.032      0.980335
   0.035      1.061101
   0.037      1.141645
   0.040      1.221948
   0.043      1.301993
   0.045      1.381761
   0.048      1.461234
   0.051      1.540393
   0.053      1.619219
   0.056      1.697695
   0.059      1.775801
   0.061      1.853518
   0.064      1.930827
   0.067      2.007709
   0.069      2.084144
   0.072      2.160113
   0.075      2.235595
   0.077      2.310573
   0.080      2.385024
   0.083      2.458930
   0.085      2.532271
   0.088      2.605025
   0.091      2.677173
   0.093      2.748695
   0.096      2.819570
   0.099      2.889777
   0.101      2.959297
   0.104      3.028109
   0.107      3.096193
   0.109      3.163527
   0.112      3.230093
   0.115      3.295869
   0.117      3.360835
   0.120      3.424972
   0.123      3.488260
   0.125      3.550678
   0.128      3.612209
   0.131      3.672831
   0.133      3.732528
   0.136      3.791279
   0.139      3.849066
   0.141      3.905873
   0.144      3.961680
   0.147      4.016472
   0.149      4.070230
   0.152      4.122940
   0.155      4.174586
   0.157      4.225152
   0.160      4.274624
   0.163      4.322989
   0.165      4.370233
   0.168      4.416343
   0.171      4.461309
   0.173      4.505119
   0.176      4.547763
   0.179      4.589232
   0.181      4.629517
   0.184      4.668612
   0.187      4.706510
   0.189      4.743204
   0.192      4.778691
   0.195      4.812968
   0.197      4.846031
   0.200      4.877879
   0.203      4.908512
   0.205      4.937930
   0.208      4.966137
   0.211      4.993134
   0.213      5.018925
   0.216      5.043517
   0.219      5.066916
   0.221      5.089128
   0.224      5.110164
   0.227      5.130033
   0.229      5.148745
   0.232      5.166314
   0.235      5.182752
   0.237      5.198074
   0.240      5.212295
   0.243      5.225432
   0.245      5.237502
   0.248      5.248524
   0.251      5.258517
   0.253      5.267502
   0.256      5.275499
   0.259      5.282531
   0.261      5.288620
   0.264      5.293790
   0.267      5.298066
   0.269      5.301471
   0.272      5.304032
   0.275      5.305774
   0.277      5.306723
   0.280      5.306906
   0.283      5.306349
   0.285      5.305081
   0.288      5.303128
   0.291      5.300517
   0.293      5.297277
   0.296      5.293433
   0.299      5.289015
   0.301      5.284048
   0.304      5.278559
   0.307      5.272576
   0.309      5.266124
   0.312      5.259228
   0.315      5.251915
   0.317      5.244208
   0.320      5.236131
   0.323      5.227709
   0.325      5.218963
   0.328      5.209915
   0.331      5.200587
   0.333      5.190999
   0.336      5.181170
   0.339      5.171118
   0.341      5.160861
   0.344      5.150415
   0.347      5.139797
   0.349      5.129021
   0.352      5.118099
   0.355      5.107046
   0.357      5.095872
   0.360      5.084589
   0.363      5.073205
   0.365      5.061729
   0.368      5.050170
   0.371      5.038534
   0.373      5.026826
   0.376      5.015053
   0.379      5.003218
   0.381      4.991324
   0.384      4.979374
   0.387      4.967370
   0.389      4.955313
   0.392      4.943204
   0.395      4.931043
   0.397      4.918828
   0.400      4.906559
   0.403      4.894235
   0.405      4.881853
   0.408      4.869410
   0.411      4.856905
   0.413      4.844334
   0.416      4.831695
   0.419      4.818982
   0.421      4.806194
   0.424      4.793327
   0.427      4.780377
   0.429      4.767340
   0.432      4.754213
   0.435      4.740992
   0.437      4.727673
   0.440      4.714254
   0.443      4.700730
   0.445      4.687100
   0.448      4.673359
   0.451      4.659506
   0.453      4.645538
   0.456      4.631452
   0.459      4.617247
   0.461      4.602920
   0.464      4.588471
   0.467      4.573898
   0.469      4.559200
   0.472      4.544376
   0.475      4.529426
   0.477      4.514349
   0.480      4.499146
   0.483      4.483817
   0.485      4.468362
   0.488      4.452782
   0.491      4.437078
   0.493      4.421251
   0.496      4.405303
   0.499      4.389234
   0.501      4.373046
   0.504      4.356742
   0.507      4.340322
   0.509      4.323790
   0.512      4.307147
   0.515      4.290395
   0.517      4.273537
   0.520      4.256574
   0.523      4.239510
   0.525      4.222347
   0.528      4.205087
   0.531      4.187734
   0.533      4.170288
   0.536      4.152753
   0.539      4.135132
   0.541      4.117427
   0.544      4.099640
   0.547      4.081774
   0.549      4.063832
   0.552      4.045815
   0.555      4.027726
   0.557      4.009568
   0.560      3.991343
   0.563      3.973053
   0.565      3.954700
   0.568      3.936286
   0.571      3.917814
   0.573      3.899286
   0.576      3.880703
   0.579      3.862068
   0.581      3.843382
   0.584      3.824647
   0.587      3.805866
   0.589      3.787039
   0.592      3.768169
   0.595      3.749257
   0.597      3.730305
   0.600      3.711315
   0.603      3.692287
   0.605      3.673224
   0.608      3.654126
   0.611      3.634996
   0.613      3.615835
   0.616      3.596644
   0.619      3.577424
   0.621      3.558177
   0.624      3.538904
   0.627      3.519606
   0.629      3.500285
   0.632      3.480941
   0.635      3.461576
   0.637      3.442191
   0.640      3.422787
   0.643      3.403365
   0.645      3.383926
   0.648      3.364472
   0.651      3.345003
   0.653      3.325520
   0.656      3.306025
   0.659      3.286518
   0.661      3.267000
   0.664      3.247473
   0.667      3.227937
   0.669      3.208394
   0.672      3.188843
   0.675      3.169287
   0.677      3.149726
   0.680      3.130161
   0.683      3.110593
   0.685      3.091022
   0.688      3.071450
   0.691      3.051878
   0.693      3.032305
   0.696      3.012734
   0.699      2.993165
   0.701      2.973599
   0.704      2.954037
   0.707      2.934479
   0.709      2.914926
   0.712      2.895379
   0.715      2.875839
   0.717      2.856307
   0.720      2.836783
   0.723      2.817268
   0.725      2.797763
   0.728      2.778269
   0.731      2.758786
   0.733      2.739316
   0.736      2.719858
   0.739      2.700413
   0.741      2.680983
   0.744      2.661568
   0.747      2.642169
   0.749      2.622786
   0.752      2.603420
   0.755      2.584072
   0.757      2.564742
   0.760      2.545431
   0.763      2.526140
   0.765      2.506870
   0.768      2.487620
   0.771      2.468393
   0.773      2.449187
   0.776      2.430004
   0.779      2.410845
   0.781      2.391710
   0.784      2.372600
   0.787      2.353516
   0.789      2.334457
   0.792      2.315425
   0.795      2.296420
   0.797      2.277443
   0.800      2.258495
   0.803      2.239575
   0.805      2.220684
   0.808      2.201824
   0.811      2.182995
   0.813      2.164196
   0.816      2.145430
   0.819      2.126695
   0.821      2.107994
   0.824      2.089325
   0.827      2.070691
   0.829      2.052091
   0.832      2.033526
   0.835      2.014996
   0.837      1.996502
   0.840      1.978045
   0.843      1.959624
   0.845      1.941241
   0.848      1.922896
   0.851      1.904589
   0.853      1.886322
   0.856      1.868093
   0.859      1.849904
   0.861      1.831756
   0.864      1.813648
   0.867      1.795582
   0.869      1.777557
   0.872      1.759574
   0.875      1.741634
   0.877      1.723737
   0.880      1.705883
   0.883      1.688073
   0.885      1.670307
   0.888      1.652586
   0.891      1.634910
   0.893      1.617280
   0.896      1.599696
   0.899      1.582157
   0.901      1.564666
   0.904      1.547222
   0.907      1.529825
   0.909      1.512476
   0.912      1.495176
   0.915      1.477924
   0.917      1.460721
   0.920      1.443567
   0.923      1.426464
   0.925      1.409410
   0.928      1.392407
   0.931      1.375455
   0.933      1.358554
   0.936      1.341704
   0.939      1.324907
   0.941      1.308161
   0.944      1.291468
   0.947      1.274828
   0.949      1.258242
   0.952      1.241708
   0.955      1.225229
   0.957      1.208804
   0.960      1.192433
   0.963      1.176117
   0.965      1.159856
   0.968      1.143650
   0.971      1.127500
   0.973      1.111406
   0.976      1.095368
   0.979      1.079387
   0.981      1.063463
   0.984      1.047595
   0.987      1.031785
   0.989      1.016033
   0.992      1.000338
   0.995      0.984701
   0.997      0.969123
   1.000      0.953603
   1.003      0.938143
   1.005      0.922741
   1.008      0.907399
   1.011      0.892116
   1.013      0.876893
   1.016      0.861730
   1.019      0.846628
   1.021      0.831585
   1.024      0.816604
   1.027      0.801683
   1.029      0.786824
   1.032      0.772026
   1.035      0.757289
   1.037      0.742614
   1.040      0.728001
   1.043      0.713450
   1.045      0.698961
   1.048      0.684535
   1.051      0.670171
   1.053      0.655870
   1.056      0.641632
   1.059      0.627458
   1.061      0.613346
   1.064      0.599298
   1.067      0.585314
   1.069      0.571393
   1.072      0.557536
   1.075      0.543744
   1.077      0.530015
   1.080      0.516351
   1.083      0.502751
   1.085      0.489216
   1.088      0.475745
   1.091      0.462340
   1.093      0.448999
   1.096      0.435723
   1.099      0.422513
   1.101      0.409368
   1.104      0.396288
   1.107      0.383274
   1.109      0.370325
   1.112      0.357442
   1.115      0.344625
   1.117      0.331874
   1.120      0.319188
   1.123      0.306569
   1.125      0.294016
   1.128      0.281528
   1.131      0.269108
   1.133      0.256753
   1.136      0.244465
   1.139      0.232243
   1.141      0.220088
   1.144      0.207999
   1.147      0.195977
   1.149      0.184021
   1.152      0.172132
   1.155      0.160310
   1.157      0.148555
   1.160      0.136866
   1.163      0.125245
   1.165      0.113690
   1.168      0.102202
   1.171      0.090780
   1.173      0.079426
   1.176      0.068139
   1.179      0.056918
   1.181      0.045765
   1.184      0.034678
   1.187      0.023659
   1.189      0.012706
   1.192      0.001820
   1.195     -0.008999
   1.197     -0.019750
   1.200     -0.030435
   1.203     -0.041054
   1.205     -0.051605
   1.208     -0.062089
   1.211     -0.072507
   1.213     -0.082858
   1.216     -0.093142
   1.219     -0.103359
   1.221     -0.113510
   1.224     -0.123594
   1.227     -0.133611
   1.229     -0.143562
   1.232     -0.153447
   1.235     -0.163265
   1.237     -0.173016
   1.240     -0.182701
   1.243     -0.192320
   1.245     -0.201873
   1.248     -0.211360
   1.251     -0.220780
   1.253     -0.230135
   1.256     -0.239424
   1.259     -0.248646
   1.261     -0.257804
   1.264     -0.266895
   1.267     -0.275921
   1.269     -0.284881
   1.272     -0.293776
   1.275     -0.302605
   1.277     -0.311370
   1.280     -0.320069
   1.283     -0.328703
   1.285     -0.337272
   1.288     -0.345776
   1.291     -0.354216
   1.293     -0.362591
   1.296     -0.370902
   1.299     -0.379148
   1.301     -0.387330
   1.304     -0.395447
   1.307     -0.403501
   1.309     -0.411491
   1.312     -0.419417
   1.315     -0.427279
   1.317     -0.435078
   1.320     -0.442814
   1.323     -0.450486
   1.325     -0.458095
   1.328     -0.465642
   1.331     -0.473125
   1.333     -0.480546
   1.336     -0.487904
   1.339     -0.495200
   1.341     -0.502433
   1.344     -0.509605
   1.347     -0.516714
   1.349     -0.523762
   1.352     -0.530748
   1.355     -0.537673
   1.357     -0.544536
   1.360     -0.551339
   1.363     -0.558080
   1.365     -0.564760
   1.368     -0.571380
   1.371     -0.577940
   1.373     -0.584439
   1.376     -0.590878
   1.379     -0.597257
   1.381     -0.603576
   1.384     -0.609836
   1.387     -0.616037
   1.389     -0.622178
   1.392     -0.628260
   1.395     -0.634283
   1.397     -0.640248
   1.400     -0.646154
   1.403     -0.652002
   1.405     -0.657792
   1.408     -0.663523
   1.411     -0.669198
   1.413     -0.674814
   1.416     -0.680374
   1.419     -0.685876
   1.421     -0.691322
   1.424     -0.696710
   1.427     -0.702043
   1.429     -0.707319
   1.432     -0.712538
   1.435     -0.717702
   1.437     -0.722811
   1.440     -0.727864
   1.443     -0.732861
   1.445     -0.737804
   1.448     -0.742691
   1.451     -0.747525
   1.453     -0.752303
   1.456     -0.757028
   1.459     -0.761699
   1.461     -0.766316
   1.464     -0.770879
   1.467     -0.775389
   1.469     -0.779846
   1.472     -0.784250
   1.475     -0.788602
   1.477     -0.792901
   1.480     -0.797148
   1.483     -0.801343
   1.485     -0.805486
   1.488     -0.809578
   1.491     -0.813618
   1.493     -0.817608
   1.496     -0.821547
   1.499     -0.825435
   1.501     -0.829272
   1.504     -0.833060
   1.507     -0.836798
   1.509     -0.840486
   1.512     -0.844125
   1.515     -0.847714
   1.517     -0.851255
   1.520     -0.854747
   1.523     -0.858190
   1.525     -0.861586
   1.528     -0.864933
   1.531     -0.868232
   1.533     -0.871484
   1.536     -0.874689
   1.539     -0.877847
   1.541     -0.880958
   1.544     -0.884022
   1.547     -0.887040
   1.549     -0.890012
   1.552     -0.892939
   1.555     -0.895819
   1.557     -0.898655
   1.560     -0.901445
   1.563     -0.904190
   1.565     -0.906891
   1.568     -0.909547
   1.571     -0.912160
   1.573     -0.914728
   1.576     -0.917253
   1.579     -0.919734
   1.581     -0.922173
   1.584     -0.924568
   1.587     -0.926921
   1.589     -0.929232
   1.592     -0.931500
   1.595     -0.933726
   1.597     -0.935911
   1.600     -0.938054
   1.603     -0.940156
   1.605     -0.942218
   1.608     -0.944238
   1.611     -0.946218
   1.613     -0.948158
   1.616     -0.950058
   1.619     -0.951919
   1.621     -0.953740
   1.624     -0.955521
   1.627     -0.957264
   1.629     -0.958968
   1.632     -0.960634
   1.635     -0.962261
   1.637     -0.963851
   1.640     -0.965403
   1.643     -0.966917
   1.645     -0.968394
   1.648     -0.969834
   1.651     -0.971237
   1.653     -0.972604
   1.656     -0.973935
   1.659     -0.975230
   1.661     -0.976488
   1.664     -0.977712
   1.667     -0.978900
   1.669     -0.980053
   1.672     -0.981171
   1.675     -0.982255
   1.677     -0.983304
   1.680     -0.984319
   1.683     -0.985301
   1.685     -0.986249
   1.688     -0.987163
   1.691     -0.988045
   1.693     -0.988893
   1.696     -0.989709
   1.699     -0.990493
   1.701     -0.991244
   1.704     -0.991964
   1.707     -0.992652
   1.709     -0.993308
   1.712     -0.993933
   1.715     -0.994528
   1.717     -0.995091
   1.720     -0.995624
   1.723     -0.996127
   1.725     -0.996600
   1.728     -0.997042
   1.731     -0.997456
   1.733     -0.997840
   1.736     -0.998195
   1.739     -0.998521
   1.741     -0.998818
   1.744     -0.999087
   1.747     -0.999328
   1.749     -0.999541
   1.752     -0.999726
   1.755     -0.999883
   1.757     -1.000014
   1.760     -1.000117
   1.763     -1.000194
   1.765     -1.000243
   1.768     -1.000267
   1.771     -1.000264
   1.773     -1.000235
   1.776     -1.000181
   1.779     -1.000101
   1.781     -0.999996
   1.784     -0.999866
   1.787     -0.999711
   1.789     -0.999531
   1.792     -0.999327
   1.795     -0.999099
   1.797     -0.998847
   1.800     -0.998571
   1.803     -0.998271
   1.805     -0.997948
   1.808     -0.997602
   1.811     -0.997233
   1.813     -0.996842
   1.816     -0.996428
   1.819     -0.995991
   1.821     -0.995533
   1.824     -0.995053
   1.827     -0.994551
   1.829     -0.994027
   1.832     -0.993482
   1.835     -0.992917
   1.837     -0.992330
   1.840     -0.991723
   1.843     -0.991095
   1.845     -0.990447
   1.848     -0.989779
   1.851     -0.989091
   1.853     -0.988384
   1.856     -0.987657
   1.859     -0.986911
   1.861     -0.986146
   1.864     -0.985361
   1.867     -0.984559
   1.869     -0.983737
   1.872     -0.982898
   1.875     -0.982040
   1.877     -0.981164
   1.880     -0.980271
   1.883     -0.979360
   1.885     -0.978432
   1.888     -0.977487
   1.891     -0.976524
   1.893     -0.975545
   1.896     -0.974549
   1.899     -0.973537
   1.901     -0.972509
   1.904     -0.971464
   1.907     -0.970404
   1.909     -0.969327
   1.912     -0.968236
   1.915     -0.967129
   1.917     -0.966006
   1.920     -0.964869
   1.923     -0.963717
   1.925     -0.962550
   1.928     -0.961369
   1.931     -0.960173
   1.933     -0.958964
   1.936     -0.957740
   1.939     -0.956502
   1.941     -0.955251
   1.944     -0.953986
   1.947     -0.952708
   1.949     -0.951417
   1.952     -0.950113
   1.955     -0.948796
   1.957     -0.947466
   1.960     -0.946124
   1.963     -0.944769
   1.965     -0.943402
   1.968     -0.942024
   1.971     -0.940633
   1.973     -0.939230
   1.976     -0.937816
   1.979     -0.936391
   1.981     -0.934954
   1.984     -0.933506
   1.987     -0.932047
   1.989     -0.930578
   1.992     -0.929097
   1.995     -0.927606
   1.997     -0.926105
   2.000     -0.924594
   2.003     -0.923072
   2.005     -0.921540
   2.008     -0.919999
   2.011     -0.918448
   2.013     -0.916887
   2.016     -0.915317
   2.019     -0.913738
   2.021     -0.912150
   2.024     -0.910553
   2.027     -0.908946
   2.029     -0.907332
   2.032     -0.905708
   2.035     -0.904076
   2.037     -0.902436
   2.040     -0.900788
   2.043     -0.899131
   2.045     -0.897467
   2.048     -0.895795
   2.051     -0.894115
   2.053     -0.892428
   2.056     -0.890733
   2.059     -0.889031
   2.061     -0.887322
   2.064     -0.885606
   2.067     -0.883883
   2.069     -0.882153
   2.072     -0.880416
   2.075     -0.878673
   2.077     -0.876923
   2.080     -0.875167
   2.083     -0.873405
   2.085     -0.871637
   2.088     -0.869863
   2.091     -0.868083
   2.093     -0.866297
   2.096     -0.864505
   2.099     -0.862708
   2.101     -0.860906
   2.104     -0.859098
   2.107     -0.857285
   2.109     -0.855467
   2.112     -0.853644
   2.115     -0.851816
   2.117     -0.849983
   2.120     -0.848146
   2.123     -0.846304
   2.125     -0.844457
   2.128     -0.842606
   2.131     -0.840751
   2.133     -0.838892
   2.136     -0.837029
   2.139     -0.835161
   2.141     -0.833290
   2.144     -0.831415
   2.147     -0.829536
   2.149     -0.827654
   2.152     -0.825768
   2.155     -0.823879
   2.157     -0.821986
   2.160     -0.820090
   2.163     -0.818191
   2.165     -0.816289
   2.168     -0.814384
   2.171     -0.812477
   2.173     -0.810566
   2.176     -0.808653
   2.179     -0.806737
   2.181     -0.804818
   2.184     -0.802897
   2.187     -0.800974
   2.189     -0.799048
   2.192     -0.797121
   2.195     -0.795191
   2.197     -0.793259
   2.200     -0.791325
   2.203     -0.789389
   2.205     -0.787451
   2.208     -0.785512
   2.211     -0.783571
   2.213     -0.781629
   2.216     -0.779684
   2.219     -0.777739
   2.221     -0.775792
   2.224     -0.773844
   2.227     -0.771895
   2.229     -0.769944
   2.232     -0.767992
   2.235     -0.766040
   2.237     -0.764086
   2.240     -0.762132
   2.243     -0.760177
   2.245     -0.758221
   2.248     -0.756264
   2.251     -0.754307
   2.253     -0.752349
   2.256     -0.750391
   2.259     -0.748432
   2.261     -0.746473
   2.264     -0.744514
   2.267     -0.742555
   2.269     -0.740595
   2.272     -0.738635
   2.275     -0.736675
   2.277     -0.734716
   2.280     -0.732756
   2.283     -0.730796
   2.285     -0.728837
   2.288     -0.726877
   2.291     -0.724919
   2.293     -0.722960
   2.296     -0.721002
   2.299     -0.719044
   2.301     -0.717087
   2.304     -0.715130
   2.307     -0.713174
   2.309     -0.711219
   2.312     -0.709264
   2.315     -0.707310
   2.317     -0.705357
   2.320     -0.703405
   2.323     -0.701454
   2.325     -0.699503
   2.328     -0.697554
   2.331     -0.695606
   2.333     -0.693658
   2.336     -0.691712
   2.339     -0.689767
   2.341     -0.687824
   2.344     -0.685881
   2.347     -0.683940
   2.349     -0.682001
   2.352     -0.680062
   2.355     -0.678125
   2.357     -0.676190
   2.360     -0.674256
   2.363     -0.672324
   2.365     -0.670393
   2.368     -0.668464
   2.371     -0.666536
   2.373     -0.664611
   2.376     -0.662687
   2.379     -0.660764
   2.381     -0.658844
   2.384     -0.656926
   2.387     -0.655009
   2.389     -0.653094
   2.392     -0.651182
   2.395     -0.649271
   2.397     -0.647362
   2.400     -0.645456
   2.403     -0.643551
   2.405     -0.641649
   2.408     -0.639748
   2.411     -0.637850
   2.413     -0.635954
   2.416     -0.634061
   2.419     -0.632170
   2.421     -0.630281
   2.424     -0.628394
   2.427     -0.626510
   2.429     -0.624628
   2.432     -0.622748
   2.435     -0.620871
   2.437     -0.618997
   2.440     -0.617124
   2.443     -0.615255
   2.445     -0.613388
   2.448     -0.611523
   2.451     -0.609662
   2.453     -0.607802
   2.456     -0.605946
   2.459     -0.604092
   2.461     -0.602241
   2.464     -0.600392
   2.467     -0.598547
   2.469     -0.596704
   2.472     -0.594863
   2.475     -0.593026
   2.477     -0.591191
   2.480     -0.589360
   2.483     -0.587531
   2.485     -0.585705
   2.488     -0.583882
   2.491     -0.582062
   2.493     -0.580244
   2.496     -0.578430
   2.499     -0.576619
   2.501     -0.574811
   2.504     -0.573005
   2.507     -0.571203
   2.509     -0.569404
   2.512     -0.567608
   2.515     -0.565815
   2.517     -0.564025
   2.520     -0.562238
   2.523     -0.560454
   2.525     -0.558673
   2.528     -0.556896
   2.531     -0.555122
   2.533     -0.553351
   2.536     -0.551583
   2.539     -0.549818
   2.541     -0.548056
   2.544     -0.546298
   2.547     -0.544543
   2.549     -0.542791
   2.552     -0.541043
   2.555     -0.539297
   2.557     -0.537556
   2.560     -0.535817
   2.563     -0.534081
   2.565     -0.532349
   2.568     -0.530621
   2.571     -0.528895
   2.573     -0.527173
   2.576     -0.525455
   2.579     -0.523739
   2.581     -0.522027
   2.584     -0.520319
   2.587     -0.518614
   2.589     -0.516912
   2.592     -0.515214
   2.595     -0.513519
   2.597     -0.511827
   2.600     -0.510139
   2.603     -0.508455
   2.605     -0.506773
   2.608     -0.505096
   2.611     -0.503421
   2.613     -0.501750
   2.616     -0.500083
   2.619     -0.498419
   2.621     -0.496759
   2.624     -0.495102
   2.627     -0.493448
   2.629     -0.491798
   2.632     -0.490152
   2.635     -0.488509
   2.637     -0.486869
   2.640     -0.485234
   2.643     -0.483601
   2.645     -0.481972
   2.648     -0.480347
   2.651     -0.478725
   2.653     -0.477107
   2.656     -0.475492
   2.659     -0.473880
   2.661     -0.472273
   2.664     -0.470668
   2.667     -0.469068
   2.669     -0.467471
   2.672     -0.465877
   2.675     -0.464287
   2.677     -0.462700
   2.680     -0.461117
   2.683     -0.459538
   2.685     -0.457962
   2.688     -0.456390
   2.691     -0.454821
   2.693     -0.453256
   2.696     -0.451694
   2.699     -0.450136
   2.701     -0.448581
   2.704     -0.447030
   2.707     -0.445483
   2.709     -0.443939
   2.712     -0.442398
   2.715     -0.440861
   2.717     -0.439328
   2.720     -0.437798
   2.723     -0.436272
   2.725     -0.434749
   2.728     -0.433230
   2.731     -0.431715
   2.733     -0.430202
   2.736     -0.428694
   2.739     -0.427189
   2.741     -0.425687
   2.744     -0.424189
   2.747     -0.422695
   2.749     -0.421204
   2.752     -0.419717
   2.755     -0.418233
   2.757     -0.416753
   2.760     -0.415276
   2.763     -0.413802
   2.765     -0.412333
   2.768     -0.410866
   2.771     -0.409404
   2.773     -0.407944
   2.776     -0.406488
   2.779     -0.405036
   2.781     -0.403587
   2.784     -0.402142
   2.787     -0.400700
   2.789     -0.399262
   2.792     -0.397827
   2.795     -0.396395
   2.797     -0.394967
   2.800     -0.393543
   2.803     -0.392122
   2.805     -0.390704
   2.808     -0.389290
   2.811     -0.387879
   2.813     -0.386472
   2.816     -0.385068
   2.819     -0.383668
   2.821     -0.382271
   2.824     -0.380877
   2.827     -0.379487
   2.829     -0.378101
   2.832     -0.376717
   2.835     -0.375337
   2.837     -0.373961
   2.840     -0.372588
   2.843     -0.371218
   2.845     -0.369851
   2.848     -0.368488
   2.851     -0.367129
   2.853     -0.365772
   2.856     -0.364420
   2.859     -0.363070
   2.861     -0.361724
   2.864     -0.360381
   2.867     -0.359041
   2.869     -0.357705
   2.872     -0.356372
   2.875     -0.355042
   2.877     -0.353716
   2.880     -0.352393
   2.883     -0.351073
   2.885     -0.349757
   2.888     -0.348444
   2.891     -0.347134
   2.893     -0.345827
   2.896     -0.344524
   2.899     -0.343224
   2.901     -0.341927
   2.904     -0.340633
   2.907     -0.339343
   2.909     -0.338056
   2.912     -0.336772
   2.915     -0.335491
   2.917     -0.334214
   2.920     -0.332940
   2.923     -0.331669
   2.925     -0.330401
   2.928     -0.329136
   2.931     -0.327874
   2.933     -0.326616
   2.936     -0.325361
   2.939     -0.324109
   2.941     -0.322860
   2.944     -0.321614
   2.947     -0.320371
   2.949     -0.319132
   2.952     -0.317896
   2.955     -0.316662
   2.957     -0.315432
   2.960     -0.314205
   2.963     -0.312981
   2.965     -0.311760
   2.968     -0.310542
   2.971     -0.309327
   2.973     -0.308116
   2.976     -0.306907
   2.979     -0.305701
   2.981     -0.304499
   2.984     -0.303299
   2.987     -0.302103
   2.989     -0.300909
   2.992     -0.299719
   2.995     -0.298531
   2.997     -0.297346
   3.000     -0.296165
   3.003     -0.294986
   3.005     -0.293811
   3.008     -0.292638
   3.011     -0.291468
   3.013     -0.290302
   3.016     -0.289138
   3.019     -0.287977
   3.021     -0.286819
   3.024     -0.285664
   3.027     -0.284512
   3.029     -0.283363
   3.032     -0.282216
   3.035     -0.281073
   3.037     -0.279932
   3.040     -0.278794
   3.043     -0.277659
   3.045     -0.276527
   3.048     -0.275398
   3.051     -0.274272
   3.053     -0.273148
   3.056     -0.272028
   3.059     -0.270910
   3.061     -0.269795
   3.064     -0.268683
   3.067     -0.267573
   3.069     -0.266466
   3.072     -0.265362
   3.075     -0.264261
   3.077     -0.263163
   3.080     -0.262067
   3.083     -0.260974
   3.085     -0.259884
   3.088     -0.258797
   3.091     -0.257712
   3.093     -0.256630
   3.096     -0.255551
   3.099     -0.254474
   3.101     -0.253400
   3.104     -0.252329
   3.107     -0.251260
   3.109     -0.250194
   3.112     -0.249131
   3.115     -0.248070
   3.117     -0.247012
   3.120     -0.245957
   3.123     -0.244904
   3.125     -0.243854
   3.128     -0.242807
   3.131     -0.241762
   3.133     -0.240720
   3.136     -0.239680
   3.139     -0.238643
   3.141     -0.237608
   3.144     -0.236576
   3.147     -0.235547
   3.149     -0.234520
   3.152     -0.233495
   3.155     -0.232474
   3.157     -0.231454
   3.160     -0.230438
   3.163     -0.229423
   3.165     -0.228411
   3.168     -0.227402
   3.171     -0.226395
   3.173     -0.225391
   3.176     -0.224389
   3.179     -0.223390
   3.181     -0.222393
   3.184     -0.221398
   3.187     -0.220406
   3.189     -0.219417
   3.192     -0.218429
   3.195     -0.217445
   3.197     -0.216462
   3.200     -0.215482
   3.203     -0.214505
   3.205     -0.213530
   3.208     -0.212557
   3.211     -0.211586
   3.213     -0.210618
   3.216     -0.209652
   3.219     -0.208689
   3.221     -0.207728
   3.224     -0.206769
   3.227     -0.205813
   3.229     -0.204859
   3.232     -0.203907
   3.235     -0.202958
   3.237     -0.202010
   3.240     -0.201066
   3.243     -0.200123
   3.245     -0.199183
   3.248     -0.198245
   3.251     -0.197309
   3.253     -0.196375
   3.256     -0.195444
   3.259     -0.194515
   3.261     -0.193588
   3.264     -0.192663
   3.267     -0.191741
   3.269     -0.190821
   3.272     -0.189903
   3.275     -0.188987
   3.277     -0.188073
   3.280     -0.187162
   3.283     -0.186253
   3.285     -0.185346
   3.288     -0.184441
   3.291     -0.183538
   3.293     -0.182637
   3.296     -0.181739
   3.299     -0.180842
   3.301     -0.179948
   3.304     -0.179056
   3.307     -0.178166
   3.309     -0.177278
   3.312     -0.176392
   3.315     -0.175508
   3.317     -0.174626
   3.320     -0.173747
   3.323     -0.172869
   3.325     -0.171994
   3.328     -0.171120
   3.331     -0.170249
   3.333     -0.169379
   3.336     -0.168512
   3.339     -0.167647
   3.341     -0.166783
   3.344     -0.165922
   3.347     -0.165063
   3.349     -0.164205
   3.352     -0.163350
   3.355     -0.162497
   3.357     -0.161645
   3.360     -0.160796
   3.363     -0.159948
   3.365     -0.159103
   3.368     -0.158259
   3.371     -0.157418
   3.373     -0.156578
   3.376     -0.155740
   3.379     -0.154904
   3.381     -0.154070
   3.384     -0.153238
   3.387     -0.152408
   3.389     -0.151580
   3.392     -0.150754
   3.395     -0.149929
   3.397     -0.149107
   3.400     -0.148286
   3.403     -0.147467
   3.405     -0.146650
   3.408     -0.145835
   3.411     -0.145022
   3.413     -0.144210
   3.416     -0.143400
   3.419     -0.142593
   3.421     -0.141787
   3.424     -0.140982
   3.427     -0.140180
   3.429     -0.139379
   3.432     -0.138580
   3.435     -0.137783
   3.437     -0.136988
   3.440     -0.136195
   3.443     -0.135403
   3.445     -0.134613
   3.448     -0.133825
   3.451     -0.133038
   3.453     -0.132253
   3.456     -0.131470
   3.459     -0.130689
   3.461     -0.129909
   3.464     -0.129132
   3.467     -0.128355
   3.469     -0.127581
   3.472     -0.126808
   3.475     -0.126037
   3.477     -0.125268
   3.480     -0.124500
   3.483     -0.123734
   3.485     -0.122970
   3.488     -0.122207
   3.491     -0.121446
   3.493     -0.120686
   3.496     -0.119929
   3.499     -0.119172
   3.501     -0.118418
   3.504     -0.117665
   3.507     -0.116914
   3.509     -0.116164
   3.512     -0.115416
   3.515     -0.114669
   3.517     -0.113924
   3.520     -0.113181
   3.523     -0.112439
   3.525     -0.111699
   3.528     -0.110961
   3.531     -0.110224
   3.533     -0.109488
   3.536     -0.108754
   3.539     -0.108022
   3.541     -0.107291
   3.544     -0.106562
   3.547     -0.105834
   3.549     -0.105108
   3.552     -0.104383
   3.555     -0.103660
   3.557     -0.102938
   3.560     -0.102218
   3.563     -0.101499
   3.565     -0.100782
   3.568     -0.100066
   3.571     -0.099352
   3.573     -0.098639
   3.576     -0.097928
   3.579     -0.097218
   3.581     -0.096509
   3.584     -0.095802
   3.587     -0.095097
   3.589     -0.094393
   3.592     -0.093690
   3.595     -0.092989
   3.597     -0.092289
   3.600     -0.091591
   3.603     -0.090894
   3.605     -0.090198
   3.608     -0.089504
   3.611     -0.088811
   3.613     -0.088120
   3.616     -0.087430
   3.619     -0.086741
   3.621     -0.086054
   3.624     -0.085368
   3.627     -0.084683
   3.629     -0.084000
   3.632     -0.083318
   3.635     -0.082638
   3.637     -0.081958
   3.640     -0.081281
   3.643     -0.080604
   3.645     -0.079929
   3.648     -0.079255
   3.651     -0.078583
   3.653     -0.077911
   3.656     -0.077241
   3.659     -0.076573
   3.661     -0.075905
   3.664     -0.075239
   3.667     -0.074575
   3.669     -0.073911
   3.672     -0.073249
   3.675     -0.072588
   3.677     -0.071928
   3.680     -0.071270
   3.683     -0.070613
   3.685     -0.069957
   3.688     -0.069302
   3.691     -0.068649
   3.693     -0.067997
   3.696     -0.067346
   3.699     -0.066696
   3.701     -0.066047
   3.704     -0.065400
   3.707     -0.064754
   3.709     -0.064109
   3.712     -0.063465
   3.715     -0.062823
   3.717     -0.062181
   3.720     -0.061541
   3.723     -0.060902
   3.725     -0.060265
   3.728     -0.059628
   3.731     -0.058992
   3.733     -0.058358
   3.736     -0.057725
   3.739     -0.057093
   3.741     -0.056462
   3.744     -0.055832
   3.747     -0.055204
   3.749     -0.054576
   3.752     -0.053950
   3.755     -0.053325
   3.757     -0.052701
   3.760     -0.052078
   3.763     -0.051456
   3.765     -0.050835
   3.768     -0.050216
   3.771     -0.049597
   3.773     -0.048980
   3.776     -0.048363
   3.779     -0.047748
   3.781     -0.047134
   3.784     -0.046520
   3.787     -0.045908
   3.789     -0.045297
   3.792     -0.044687
   3.795     -0.044078
   3.797     -0.043470
   3.800     -0.042864
   3.803     -0.042258
   3.805     -0.041653
   3.808     -0.041049
   3.811     -0.040447
   3.813     -0.039845
   3.816     -0.039244
   3.819     -0.038644
   3.821     -0.038046
   3.824     -0.037448
   3.827     -0.036851
   3.829     -0.036256
   3.832     -0.035661
   3.835     -0.035067
   3.837     -0.034475
   3.840     -0.033883
   3.843     -0.033292
   3.845     -0.032702
   3.848     -0.032113
   3.851     -0.031526
   3.853     -0.030939
   3.856     -0.030353
   3.859     -0.029768
   3.861     -0.029184
   3.864     -0.028600
   3.867     -0.028018
   3.869     -0.027437
   3.872     -0.026856
   3.875     -0.026277
   3.877     -0.025698
   3.880     -0.025121
   3.883     -0.024544
   3.885     -0.023968
   3.888     -0.023393
   3.891     -0.022819
   3.893     -0.022246
   3.896     -0.021674
   3.899     -0.021102
   3.901     -0.020532
   3.904     -0.019962
   3.907     -0.019393
   3.909     -0.018826
   3.912     -0.018259
   3.915     -0.017692
   3.917     -0.017127
   3.920     -0.016562
   3.923     -0.015999
   3.925     -0.015436
   3.928     -0.014874
   3.931     -0.014313
   3.933     -0.013752
   3.936     -0.013193
   3.939     -0.012634
   3.941     -0.012076
   3.944     -0.011519
   3.947     -0.010963
   3.949     -0.010407
   3.952     -0.009853
   3.955     -0.009299
   3.957     -0.008746
   3.960     -0.008193
   3.963     -0.007642
   3.965     -0.007091
   3.968     -0.006541
   3.971     -0.005992
   3.973     -0.005443
   3.976     -0.004896
   3.979     -0.004349
   3.981     -0.003803
   3.984     -0.003257
   3.987     -0.002712
   3.989     -0.002169
   3.992     -0.001625
   3.995     -0.001083
   3.997     -0.000541
   4.000      0.000000
