   0.000      1.126996
   0.003      1.126995
   0.006      1.126996
   0.010      1.126995
   0.013      1.126995
   0.016      1.126995
   0.019      1.126995
   0.023      1.126995
   0.026      1.126995
   0.029      1.126995
   0.032      1.126995
   0.036      1.126995
   0.039      1.126994
   0.042      1.126994
   0.045      1.126993
   0.049      1.126993
   0.052      1.126992
   0.055      1.126991
   0.058      1.126989
   0.062      1.126988
   0.065      1.126986
   0.068      1.126984
   0.071      1.126982
   0.075      1.126979
   0.078      1.126976
   0.081      1.126973
   0.084      1.126969
   0.088      1.126964
   0.091      1.126959
   0.094      1.126954
   0.097      1.126948
   0.100      1.126941
   0.104      1.126934
   0.107      1.126926
   0.110      1.126917
   0.113      1.126907
   0.117      1.126897
   0.120      1.126885
   0.123      1.126873
   0.126      1.126859
   0.130      1.126844
   0.133      1.126829
   0.136      1.126812
   0.139      1.126794
   0.143      1.126774
   0.146      1.126753
   0.149      1.126731
   0.152      1.126707
   0.156      1.126682
   0.159      1.126655
   0.162      1.126626
   0.165      1.126595
   0.169      1.126563
   0.172      1.126529
   0.175      1.126492
   0.178      1.126454
   0.182      1.126413
   0.185      1.126370
   0.188      1.126325
   0.191      1.126278
   0.194      1.126228
   0.198      1.126175
   0.201      1.126120
   0.204      1.126062
   0.207      1.126001
   0.211      1.125937
   0.214      1.125870
   0.217      1.125800
   0.220      1.125727
   0.224      1.125651
   0.227      1.125571
   0.230      1.125488
   0.233      1.125401
   0.237      1.125310
   0.240      1.125216
   0.243      1.125118
   0.246      1.125015
   0.250      1.124909
   0.253      1.124798
   0.256      1.124684
   0.259      1.124564
   0.263      1.124441
   0.266      1.124312
   0.269      1.124179
   0.272      1.124041
   0.276      1.123898
   0.279      1.123750
   0.282      1.123597
   0.285      1.123439
   0.288      1.123275
   0.292      1.123105
   0.295      1.122930
   0.298      1.122750
   0.301      1.122563
   0.305      1.122371
   0.308      1.122172
   0.311      1.121967
   0.314      1.121756
   0.318      1.121539
   0.321      1.121315
   0.324      1.121084
   0.327      1.120847
   0.331      1.120603
   0.334      1.120352
   0.337      1.120093
   0.340      1.119828
   0.344      1.119555
   0.347      1.119275
   0.350      1.118987
   0.353      1.118691
   0.357      1.118388
   0.360      1.118077
   0.363      1.117758
   0.366      1.117431
   0.369      1.117095
   0.373      1.116752
   0.376      1.116400
   0.379      1.116039
   0.382      1.115670
   0.386      1.115292
   0.389      1.114906
   0.392      1.114510
   0.395      1.114105
   0.399      1.113692
   0.402      1.113269
   0.405      1.112837
   0.408      1.112395
   0.412      1.111945
   0.415      1.111484
   0.418      1.111014
   0.421      1.110534
   0.425      1.110045
   0.428      1.109545
   0.431      1.109036
   0.434      1.108516
   0.438      1.107987
   0.441      1.107447
   0.444      1.106897
   0.447      1.106337
   0.451      1.105766
   0.454      1.105185
   0.457      1.104594
   0.460      1.103992
   0.463      1.103379
   0.467      1.102756
   0.470      1.102122
   0.473      1.101477
   0.476      1.100822
   0.480      1.100156
   0.483      1.099479
   0.486      1.098791
   0.489      1.098092
   0.493      1.097382
   0.496      1.096661
   0.499      1.095929
   0.502      1.095186
   0.506      1.094432
   0.509      1.093667
   0.512      1.092891
   0.515      1.092104
   0.519      1.091306
   0.522      1.090496
   0.525      1.089676
   0.528      1.088844
   0.532      1.088002
   0.535      1.087148
   0.538      1.086283
   0.541      1.085407
   0.545      1.084520
   0.548      1.083622
   0.551      1.082713
   0.554      1.081793
   0.557      1.080862
   0.561      1.079920
   0.564      1.078967
   0.567      1.078003
   0.570      1.077028
   0.574      1.076043
   0.577      1.075047
   0.580      1.074040
   0.583      1.073022
   0.587      1.071994
   0.590      1.070955
   0.593      1.069905
   0.596      1.068845
   0.600      1.067775
   0.603      1.066694
   0.606      1.065603
   0.609      1.064501
   0.613      1.063390
   0.616      1.062268
   0.619      1.061136
   0.622      1.059995
   0.626      1.058843
   0.629      1.057681
   0.632      1.056510
   0.635      1.055329
   0.639      1.054139
   0.642      1.052939
   0.645      1.051729
   0.648      1.050510
   0.651      1.049282
   0.655      1.048044
   0.658      1.046798
   0.661      1.045542
   0.664      1.044278
   0.668      1.043004
   0.671      1.041722
   0.674      1.040431
   0.677      1.039132
   0.681      1.037824
   0.684      1.036508
   0.687      1.035183
   0.690      1.033851
   0.694      1.032510
   0.697      1.031161
   0.700      1.029805
   0.703      1.028440
   0.707      1.027068
   0.710      1.025688
   0.713      1.024301
   0.716      1.022907
   0.720      1.021505
   0.723      1.020096
   0.726      1.018680
   0.729      1.017257
   0.733      1.015827
   0.736      1.014390
   0.739      1.012947
   0.742      1.011497
   0.745      1.010041
   0.749      1.008578
   0.752      1.007109
   0.755      1.005634
   0.758      1.004153
   0.762      1.002666
   0.765      1.001174
   0.768      0.999675
   0.771      0.998171
   0.775      0.996662
   0.778      0.995147
   0.781      0.993627
   0.784      0.992102
   0.788      0.990571
   0.791      0.989036
   0.794      0.987495
   0.797      0.985950
   0.801      0.984401
   0.804      0.982847
   0.807      0.981288
   0.810      0.979725
   0.814      0.978158
   0.817      0.976586
   0.820      0.975011
   0.823      0.973431
   0.827      0.971848
   0.830      0.970261
   0.833      0.968670
   0.836      0.967076
   0.839      0.965478
   0.843      0.963877
   0.846      0.962272
   0.849      0.960665
   0.852      0.959054
   0.856      0.957441
   0.859      0.955824
   0.862      0.954205
   0.865      0.952583
   0.869      0.950958
   0.872      0.949331
   0.875      0.947701
   0.878      0.946069
   0.882      0.944435
   0.885      0.942798
   0.888      0.941160
   0.891      0.939519
   0.895      0.937877
   0.898      0.936233
   0.901      0.934587
   0.904      0.932939
   0.908      0.931290
   0.911      0.929639
   0.914      0.927987
   0.917      0.926333
   0.921      0.924678
   0.924      0.923022
   0.927      0.921365
   0.930      0.919707
   0.933      0.918048
   0.937      0.916388
   0.940      0.914727
   0.943      0.913066
   0.946      0.911404
   0.950      0.909741
   0.953      0.908078
   0.956      0.906414
   0.959      0.904750
   0.963      0.903086
   0.966      0.901421
   0.969      0.899756
   0.972      0.898091
   0.976      0.896426
   0.979      0.894762
   0.982      0.893097
   0.985      0.891432
   0.989      0.889768
   0.992      0.888103
   0.995      0.886440
   0.998      0.884776
   1.002      0.883113
   1.005      0.881451
   1.008      0.879789
   1.011      0.878127
   1.014      0.876467
   1.018      0.874807
   1.021      0.873148
   1.024      0.871490
   1.027      0.869832
   1.031      0.868176
   1.034      0.866521
   1.037      0.864866
   1.040      0.863213
   1.044      0.861561
   1.047      0.859910
   1.050      0.858261
   1.053      0.856613
   1.057      0.854966
   1.060      0.853320
   1.063      0.851676
   1.066      0.850034
   1.070      0.848393
   1.073      0.846753
   1.076      0.845115
   1.079      0.843479
   1.083      0.841845
   1.086      0.840212
   1.089      0.838581
   1.092      0.836952
   1.096      0.835324
   1.099      0.833699
   1.102      0.832075
   1.105      0.830454
   1.108      0.828835
   1.112      0.827217
   1.115      0.825602
   1.118      0.823988
   1.121      0.822377
   1.125      0.820768
   1.128      0.819162
   1.131      0.817557
   1.134      0.815955
   1.138      0.814355
   1.141      0.812758
   1.144      0.811163
   1.147      0.809570
   1.151      0.807980
   1.154      0.806392
   1.157      0.804806
   1.160      0.803223
   1.164      0.801643
   1.167      0.800065
   1.170      0.798490
   1.173      0.796918
   1.177      0.795348
   1.180      0.793780
   1.183      0.792216
   1.186      0.790654
   1.190      0.789095
   1.193      0.787539
   1.196      0.785985
   1.199      0.784434
   1.202      0.782886
   1.206      0.781341
   1.209      0.779799
   1.212      0.778259
   1.215      0.776723
   1.219      0.775189
   1.222      0.773659
   1.225      0.772131
   1.228      0.770606
   1.232      0.769085
   1.235      0.767566
   1.238      0.766050
   1.241      0.764538
   1.245      0.763028
   1.248      0.761522
   1.251      0.760018
   1.254      0.758518
   1.258      0.757021
   1.261      0.755527
   1.264      0.754036
   1.267      0.752548
   1.271      0.751063
   1.274      0.749582
   1.277      0.748104
   1.280      0.746629
   1.284      0.745157
   1.287      0.743688
   1.290      0.742223
   1.293      0.740761
   1.296      0.739302
   1.300      0.737846
   1.303      0.736394
   1.306      0.734945
   1.309      0.733499
   1.313      0.732057
   1.316      0.730617
   1.319      0.729182
   1.322      0.727749
   1.326      0.726320
   1.329      0.724894
   1.332      0.723472
   1.335      0.722052
   1.339      0.720637
   1.342      0.719224
   1.345      0.717815
   1.348      0.716410
   1.352      0.715007
   1.355      0.713608
   1.358      0.712213
   1.361      0.710821
   1.365      0.709432
   1.368      0.708047
   1.371      0.706665
   1.374      0.705286
   1.378      0.703911
   1.381      0.702539
   1.384      0.701171
   1.387      0.699806
   1.390      0.698445
   1.394      0.697087
   1.397      0.695732
   1.400      0.694381
   1.403      0.693033
   1.407      0.691689
   1.410      0.690348
   1.413      0.689011
   1.416      0.687677
   1.420      0.686346
   1.423      0.685019
   1.426      0.683696
   1.429      0.682375
   1.433      0.681059
   1.436      0.679745
   1.439      0.678435
   1.442      0.677129
   1.446      0.675826
   1.449      0.674526
   1.452      0.673230
   1.455      0.671937
   1.459      0.670648
   1.462      0.669362
   1.465      0.668080
   1.468      0.666801
   1.472      0.665525
   1.475      0.664253
   1.478      0.662984
   1.481      0.661719
   1.484      0.660457
   1.488      0.659198
   1.491      0.657943
   1.494      0.656691
   1.497      0.655443
   1.501      0.654198
   1.504      0.652957
   1.507      0.651719
   1.510      0.650484
   1.514      0.649253
   1.517      0.648025
   1.520      0.646800
   1.523      0.645579
   1.527      0.644361
   1.530      0.643147
   1.533      0.641936
   1.536      0.640728
   1.540      0.639524
   1.543      0.638323
   1.546      0.637125
   1.549      0.635931
   1.553      0.634740
   1.556      0.633552
   1.559      0.632368
   1.562      0.631187
   1.566      0.630009
   1.569      0.628835
   1.572      0.627664
   1.575      0.626496
   1.578      0.625332
   1.582      0.624171
   1.585      0.623013
   1.588      0.621858
   1.591      0.620707
   1.595      0.619559
   1.598      0.618414
   1.601      0.617272
   1.604      0.616134
   1.608      0.614999
   1.611      0.613867
   1.614      0.612739
   1.617      0.611614
   1.621      0.610491
   1.624      0.609373
   1.627      0.608257
   1.630      0.607144
   1.634      0.606035
   1.637      0.604929
   1.640      0.603826
   1.643      0.602727
   1.647      0.601630
   1.650      0.600537
   1.653      0.599446
   1.656      0.598359
   1.659      0.597275
   1.663      0.596194
   1.666      0.595117
   1.669      0.594042
   1.672      0.592971
   1.676      0.591902
   1.679      0.590837
   1.682      0.589775
   1.685      0.588716
   1.689      0.587660
   1.692      0.586607
   1.695      0.585557
   1.698      0.584510
   1.702      0.583467
   1.705      0.582426
   1.708      0.581388
   1.711      0.580354
   1.715      0.579322
   1.718      0.578294
   1.721      0.577268
   1.724      0.576245
   1.728      0.575226
   1.731      0.574209
   1.734      0.573195
   1.737      0.572185
   1.741      0.571177
   1.744      0.570172
   1.747      0.569170
   1.750      0.568171
   1.753      0.567175
   1.757      0.566182
   1.760      0.565192
   1.763      0.564205
   1.766      0.563221
   1.770      0.562239
   1.773      0.561261
   1.776      0.560285
   1.779      0.559312
   1.783      0.558342
   1.786      0.557375
   1.789      0.556411
   1.792      0.555449
   1.796      0.554491
   1.799      0.553535
   1.802      0.552582
   1.805      0.551632
   1.809      0.550684
   1.812      0.549740
   1.815      0.548798
   1.818      0.547859
   1.822      0.546922
   1.825      0.545989
   1.828      0.545058
   1.831      0.544130
   1.835      0.543205
   1.838      0.542282
   1.841      0.541362
   1.844      0.540445
   1.847      0.539530
   1.851      0.538619
   1.854      0.537710
   1.857      0.536803
   1.860      0.535899
   1.864      0.534998
   1.867      0.534100
   1.870      0.533204
   1.873      0.532311
   1.877      0.531420
   1.880      0.530532
   1.883      0.529647
   1.886      0.528764
   1.890      0.527884
   1.893      0.527006
   1.896      0.526131
   1.899      0.525259
   1.903      0.524389
   1.906      0.523522
   1.909      0.522657
   1.912      0.521795
   1.916      0.520935
   1.919      0.520078
   1.922      0.519223
   1.925      0.518371
   1.929      0.517522
   1.932      0.516675
   1.935      0.515830
   1.938      0.514988
   1.941      0.514148
   1.945      0.513311
   1.948      0.512476
   1.951      0.511644
   1.954      0.510814
   1.958      0.509986
   1.961      0.509161
   1.964      0.508338
   1.967      0.507518
   1.971      0.506700
   1.974      0.505885
   1.977      0.505072
   1.980      0.504261
   1.984      0.503453
   1.987      0.502647
   1.990      0.501843
   1.993      0.501042
   1.997      0.500243
   2.000      0.499446
   2.003      0.498652
   2.006      0.497860
   2.010      0.497070
   2.013      0.496283
   2.016      0.495498
   2.019      0.494715
   2.023      0.493934
   2.026      0.493156
   2.029      0.492380
   2.032      0.491606
   2.035      0.490835
   2.039      0.490065
   2.042      0.489298
   2.045      0.488533
   2.048      0.487771
   2.052      0.487010
   2.055      0.486252
   2.058      0.485496
   2.061      0.484742
   2.065      0.483990
   2.068      0.483241
   2.071      0.482494
   2.074      0.481748
   2.078      0.481005
   2.081      0.480264
   2.084      0.479526
   2.087      0.478789
   2.091      0.478054
   2.094      0.477322
   2.097      0.476592
   2.100      0.475863
   2.104      0.475137
   2.107      0.474413
   2.110      0.473691
   2.113      0.472971
   2.117      0.472253
   2.120      0.471538
   2.123      0.470824
   2.126      0.470112
   2.129      0.469402
   2.133      0.468695
   2.136      0.467989
   2.139      0.467285
   2.142      0.466584
   2.146      0.465884
   2.149      0.465187
   2.152      0.464491
   2.155      0.463797
   2.159      0.463106
   2.162      0.462416
   2.165      0.461728
   2.168      0.461042
   2.172      0.460358
   2.175      0.459676
   2.178      0.458996
   2.181      0.458318
   2.185      0.457642
   2.188      0.456968
   2.191      0.456295
   2.194      0.455625
   2.198      0.454956
   2.201      0.454289
   2.204      0.453624
   2.207      0.452961
   2.211      0.452300
   2.214      0.451641
   2.217      0.450984
   2.220      0.450328
   2.223      0.449674
   2.227      0.449022
   2.230      0.448372
   2.233      0.447724
   2.236      0.447078
   2.240      0.446433
   2.243      0.445790
   2.246      0.445149
   2.249      0.444510
   2.253      0.443872
   2.256      0.443236
   2.259      0.442602
   2.262      0.441970
   2.266      0.441340
   2.269      0.440711
   2.272      0.440084
   2.275      0.439459
   2.279      0.438835
   2.282      0.438213
   2.285      0.437593
   2.288      0.436975
   2.292      0.436358
   2.295      0.435743
   2.298      0.435130
   2.301      0.434518
   2.304      0.433908
   2.308      0.433300
   2.311      0.432693
   2.314      0.432088
   2.317      0.431485
   2.321      0.430883
   2.324      0.430283
   2.327      0.429685
   2.330      0.429088
   2.334      0.428493
   2.337      0.427900
   2.340      0.427308
   2.343      0.426718
   2.347      0.426129
   2.350      0.425542
   2.353      0.424956
   2.356      0.424372
   2.360      0.423790
   2.363      0.423209
   2.366      0.422630
   2.369      0.422053
   2.373      0.421477
   2.376      0.420902
   2.379      0.420329
   2.382      0.419758
   2.386      0.419188
   2.389      0.418619
   2.392      0.418052
   2.395      0.417487
   2.398      0.416923
   2.402      0.416361
   2.405      0.415800
   2.408      0.415241
   2.411      0.414683
   2.415      0.414127
   2.418      0.413572
   2.421      0.413018
   2.424      0.412466
   2.428      0.411916
   2.431      0.411367
   2.434      0.410819
   2.437      0.410273
   2.441      0.409728
   2.444      0.409185
   2.447      0.408643
   2.450      0.408103
   2.454      0.407564
   2.457      0.407026
   2.460      0.406490
   2.463      0.405955
   2.467      0.405422
   2.470      0.404890
   2.473      0.404360
   2.476      0.403830
   2.480      0.403303
   2.483      0.402776
   2.486      0.402251
   2.489      0.401727
   2.492      0.401205
   2.496      0.400684
   2.499      0.400164
   2.502      0.399646
   2.505      0.399129
   2.509      0.398613
   2.512      0.398099
   2.515      0.397586
   2.518      0.397074
   2.522      0.396564
   2.525      0.396055
   2.528      0.395547
   2.531      0.395041
   2.535      0.394536
   2.538      0.394032
   2.541      0.393529
   2.544      0.393028
   2.548      0.392528
   2.551      0.392029
   2.554      0.391532
   2.557      0.391035
   2.561      0.390540
   2.564      0.390047
   2.567      0.389554
   2.570      0.389063
   2.574      0.388573
   2.577      0.388084
   2.580      0.387597
   2.583      0.387110
   2.586      0.386625
   2.590      0.386141
   2.593      0.385659
