   0.000      1.516407
   0.004      1.516407
   0.008      1.516407
   0.012      1.516407
   0.016      1.516407
   0.020      1.516407
   0.024      1.516407
   0.028      1.516407
   0.032      1.516407
   0.036      1.516407
   0.040      1.516407
   0.044      1.516407
   0.048      1.516407
   0.052      1.516407
   0.056      1.516407
   0.060      1.516406
   0.064      1.516406
   0.067      1.516406
   0.071      1.516405
   0.075      1.516404
   0.079      1.516403
   0.083      1.516401
   0.087      1.516399
   0.091      1.516397
   0.095      1.516394
   0.099      1.516390
   0.103      1.516386
   0.107      1.516381
   0.111      1.516374
   0.115      1.516367
   0.119      1.516358
   0.123      1.516347
   0.127      1.516335
   0.131      1.516321
   0.135      1.516304
   0.139      1.516285
   0.143      1.516263
   0.147      1.516239
   0.151      1.516210
   0.155      1.516179
   0.159      1.516143
   0.163      1.516102
   0.167      1.516057
   0.171      1.516006
   0.175      1.515950
   0.179      1.515888
   0.183      1.515818
   0.187      1.515742
   0.191      1.515658
   0.194      1.515565
   0.198      1.515464
   0.202      1.515353
   0.206      1.515231
   0.210      1.515099
   0.214      1.514956
   0.218      1.514800
   0.222      1.514632
   0.226      1.514449
   0.230      1.514253
   0.234      1.514041
   0.238      1.513813
   0.242      1.513568
   0.246      1.513306
   0.250      1.513025
   0.254      1.512725
   0.258      1.512405
   0.262      1.512063
   0.266      1.511700
   0.270      1.511314
   0.274      1.510904
   0.278      1.510470
   0.282      1.510010
   0.286      1.509523
   0.290      1.509009
   0.294      1.508467
   0.298      1.507896
   0.302      1.507294
   0.306      1.506662
   0.310      1.505997
   0.314      1.505300
   0.318      1.504569
   0.321      1.503803
   0.325      1.503002
   0.329      1.502165
   0.333      1.501290
   0.337      1.500378
   0.341      1.499427
   0.345      1.498436
   0.349      1.497405
   0.353      1.496333
   0.357      1.495220
   0.361      1.494064
   0.365      1.492865
   0.369      1.491622
   0.373      1.490335
   0.377      1.489004
   0.381      1.487627
   0.385      1.486204
   0.389      1.484734
   0.393      1.483218
   0.397      1.481655
   0.401      1.480044
   0.405      1.478386
   0.409      1.476679
   0.413      1.474924
   0.417      1.473120
   0.421      1.471267
   0.425      1.469366
   0.429      1.467415
   0.433      1.465415
   0.437      1.463366
   0.441      1.461268
   0.445      1.459120
   0.448      1.456924
   0.452      1.454679
   0.456      1.452385
   0.460      1.450042
   0.464      1.447651
   0.468      1.445212
   0.472      1.442725
   0.476      1.440191
   0.480      1.437609
   0.484      1.434981
   0.488      1.432307
   0.492      1.429587
   0.496      1.426822
   0.500      1.424012
   0.504      1.421158
   0.508      1.418260
   0.512      1.415319
   0.516      1.412336
   0.520      1.409311
   0.524      1.406246
   0.528      1.403140
   0.532      1.399994
   0.536      1.396810
   0.540      1.393588
   0.544      1.390328
   0.548      1.387032
   0.552      1.383700
   0.556      1.380334
   0.560      1.376933
   0.564      1.373500
   0.568      1.370034
   0.572      1.366537
   0.575      1.363010
   0.579      1.359453
   0.583      1.355868
   0.587      1.352254
   0.591      1.348614
   0.595      1.344948
   0.599      1.341257
   0.603      1.337542
   0.607      1.333804
   0.611      1.330044
   0.615      1.326262
   0.619      1.322460
   0.623      1.318638
   0.627      1.314798
   0.631      1.310940
   0.635      1.307066
   0.639      1.303175
   0.643      1.299270
   0.647      1.295350
   0.651      1.291417
   0.655      1.287472
   0.659      1.283515
   0.663      1.279547
   0.667      1.275569
   0.671      1.271583
   0.675      1.267588
   0.679      1.263585
   0.683      1.259576
   0.687      1.255560
   0.691      1.251540
   0.695      1.247515
   0.699      1.243486
   0.702      1.239454
   0.706      1.235420
   0.710      1.231384
   0.714      1.227347
   0.718      1.223310
   0.722      1.219273
   0.726      1.215237
   0.730      1.211202
   0.734      1.207169
   0.738      1.203139
   0.742      1.199112
   0.746      1.195089
   0.750      1.191071
   0.754      1.187057
   0.758      1.183048
   0.762      1.179046
   0.766      1.175049
   0.770      1.171059
   0.774      1.167077
   0.778      1.163102
   0.782      1.159135
   0.786      1.155177
   0.790      1.151227
   0.794      1.147286
   0.798      1.143356
   0.802      1.139435
   0.806      1.135524
   0.810      1.131624
   0.814      1.127734
   0.818      1.123856
   0.822      1.119990
   0.826      1.116135
   0.829      1.112292
   0.833      1.108461
   0.837      1.104643
   0.841      1.100838
   0.845      1.097045
   0.849      1.093266
   0.853      1.089500
   0.857      1.085748
   0.861      1.082009
   0.865      1.078285
   0.869      1.074574
   0.873      1.070878
   0.877      1.067196
   0.881      1.063528
   0.885      1.059876
   0.889      1.056238
   0.893      1.052614
   0.897      1.049006
   0.901      1.045413
   0.905      1.041835
   0.909      1.038272
   0.913      1.034725
   0.917      1.031193
   0.921      1.027677
   0.925      1.024176
   0.929      1.020690
   0.933      1.017221
   0.937      1.013767
   0.941      1.010328
   0.945      1.006905
   0.949      1.003499
   0.953      1.000108
   0.956      0.996732
   0.960      0.993373
   0.964      0.990029
   0.968      0.986701
   0.972      0.983389
   0.976      0.980093
   0.980      0.976813
   0.984      0.973548
   0.988      0.970300
   0.992      0.967067
   0.996      0.963850
   1.000      0.960648
   1.004      0.957462
   1.008      0.954292
   1.012      0.951138
   1.016      0.947999
   1.020      0.944876
   1.024      0.941769
   1.028      0.938677
   1.032      0.935600
   1.036      0.932539
   1.040      0.929493
   1.044      0.926462
   1.048      0.923447
   1.052      0.920447
   1.056      0.917462
   1.060      0.914493
   1.064      0.911538
   1.068      0.908599
   1.072      0.905674
   1.076      0.902764
   1.080      0.899869
   1.083      0.896989
   1.087      0.894124
   1.091      0.891273
   1.095      0.888437
   1.099      0.885616
   1.103      0.882808
   1.107      0.880016
   1.111      0.877237
   1.115      0.874473
   1.119      0.871723
   1.123      0.868987
   1.127      0.866265
   1.131      0.863558
   1.135      0.860864
   1.139      0.858184
   1.143      0.855517
   1.147      0.852865
   1.151      0.850226
   1.155      0.847601
   1.159      0.844989
   1.163      0.842391
   1.167      0.839806
   1.171      0.837234
   1.175      0.834675
   1.179      0.832130
   1.183      0.829598
   1.187      0.827078
   1.191      0.824572
   1.195      0.822078
   1.199      0.819598
   1.203      0.817130
   1.207      0.814674
   1.210      0.812231
   1.214      0.809801
   1.218      0.807383
   1.222      0.804978
   1.226      0.802585
   1.230      0.800204
   1.234      0.797835
   1.238      0.795478
   1.242      0.793133
   1.246      0.790801
   1.250      0.788480
   1.254      0.786171
   1.258      0.783873
   1.262      0.781588
   1.266      0.779314
   1.270      0.777051
   1.274      0.774800
   1.278      0.772560
   1.282      0.770332
   1.286      0.768115
   1.290      0.765909
   1.294      0.763714
   1.298      0.761530
   1.302      0.759357
   1.306      0.757196
   1.310      0.755045
   1.314      0.752904
   1.318      0.750775
   1.322      0.748656
   1.326      0.746548
   1.330      0.744450
   1.334      0.742363
   1.337      0.740287
   1.341      0.738220
   1.345      0.736164
   1.349      0.734118
   1.353      0.732082
   1.357      0.730057
   1.361      0.728041
   1.365      0.726036
   1.369      0.724040
   1.373      0.722054
   1.377      0.720078
   1.381      0.718112
   1.385      0.716155
   1.389      0.714208
   1.393      0.712270
   1.397      0.710342
   1.401      0.708424
   1.405      0.706515
   1.409      0.704615
   1.413      0.702724
   1.417      0.700843
   1.421      0.698971
   1.425      0.697108
   1.429      0.695253
   1.433      0.693408
   1.437      0.691572
   1.441      0.689745
   1.445      0.687926
   1.449      0.686117
   1.453      0.684315
   1.457      0.682523
   1.461      0.680739
   1.464      0.678964
   1.468      0.677197
   1.472      0.675439
   1.476      0.673689
   1.480      0.671948
   1.484      0.670214
   1.488      0.668489
   1.492      0.666772
   1.496      0.665064
   1.500      0.663363
   1.504      0.661670
   1.508      0.659986
   1.512      0.658309
   1.516      0.656640
   1.520      0.654979
   1.524      0.653326
   1.528      0.651681
   1.532      0.650043
   1.536      0.648413
   1.540      0.646790
   1.544      0.645176
   1.548      0.643568
   1.552      0.641968
   1.556      0.640376
   1.560      0.638790
   1.564      0.637213
   1.568      0.635642
   1.572      0.634079
   1.576      0.632523
   1.580      0.630974
   1.584      0.629432
   1.588      0.627897
   1.591      0.626369
   1.595      0.624848
   1.599      0.623334
   1.603      0.621827
   1.607      0.620327
   1.611      0.618834
   1.615      0.617347
   1.619      0.615867
   1.623      0.614394
   1.627      0.612927
   1.631      0.611467
   1.635      0.610014
   1.639      0.608567
   1.643      0.607127
   1.647      0.605693
   1.651      0.604265
   1.655      0.602844
   1.659      0.601429
   1.663      0.600020
   1.667      0.598618
   1.671      0.597222
   1.675      0.595832
   1.679      0.594448
   1.683      0.593071
   1.687      0.591699
   1.691      0.590333
   1.695      0.588974
   1.699      0.587620
   1.703      0.586272
   1.707      0.584930
   1.711      0.583594
   1.715      0.582264
   1.719      0.580940
   1.722      0.579621
   1.726      0.578308
   1.730      0.577001
   1.734      0.575699
   1.738      0.574403
   1.742      0.573113
   1.746      0.571828
   1.750      0.570549
   1.754      0.569275
   1.758      0.568006
   1.762      0.566743
   1.766      0.565485
   1.770      0.564233
   1.774      0.562986
   1.778      0.561744
   1.782      0.560508
   1.786      0.559277
   1.790      0.558051
   1.794      0.556830
   1.798      0.555614
   1.802      0.554404
   1.806      0.553198
   1.810      0.551998
   1.814      0.550802
   1.818      0.549612
   1.822      0.548426
   1.826      0.547245
   1.830      0.546070
   1.834      0.544899
   1.838      0.543733
   1.842      0.542572
   1.846      0.541415
   1.849      0.540264
   1.853      0.539117
   1.857      0.537975
   1.861      0.536837
   1.865      0.535704
   1.869      0.534576
   1.873      0.533453
   1.877      0.532334
   1.881      0.531219
   1.885      0.530109
   1.889      0.529004
   1.893      0.527903
   1.897      0.526806
   1.901      0.525714
   1.905      0.524626
   1.909      0.523543
   1.913      0.522464
   1.917      0.521389
   1.921      0.520319
   1.925      0.519253
   1.929      0.518191
   1.933      0.517133
   1.937      0.516080
   1.941      0.515031
   1.945      0.513985
   1.949      0.512944
   1.953      0.511908
   1.957      0.510875
   1.961      0.509846
   1.965      0.508821
   1.969      0.507801
   1.973      0.506784
   1.976      0.505771
   1.980      0.504763
   1.984      0.503758
   1.988      0.502757
   1.992      0.501760
   1.996      0.500767
   2.000      0.499777
   2.004      0.498792
   2.008      0.497810
   2.012      0.496832
   2.016      0.495858
   2.020      0.494888
   2.024      0.493921
   2.028      0.492958
   2.032      0.491999
   2.036      0.491043
   2.040      0.490091
   2.044      0.489143
   2.048      0.488198
   2.052      0.487257
   2.056      0.486319
   2.060      0.485385
   2.064      0.484454
   2.068      0.483527
   2.072      0.482604
   2.076      0.481684
   2.080      0.480767
   2.084      0.479854
   2.088      0.478944
   2.092      0.478037
   2.096      0.477134
   2.100      0.476235
   2.103      0.475338
   2.107      0.474445
   2.111      0.473555
   2.115      0.472669
   2.119      0.471786
   2.123      0.470906
   2.127      0.470029
   2.131      0.469155
   2.135      0.468285
   2.139      0.467418
   2.143      0.466554
   2.147      0.465693
   2.151      0.464835
   2.155      0.463981
   2.159      0.463129
   2.163      0.462281
   2.167      0.461436
   2.171      0.460593
   2.175      0.459754
   2.179      0.458918
   2.183      0.458085
   2.187      0.457255
   2.191      0.456427
   2.195      0.455603
   2.199      0.454782
   2.203      0.453963
   2.207      0.453148
   2.211      0.452335
   2.215      0.451526
   2.219      0.450719
   2.223      0.449915
   2.227      0.449114
   2.230      0.448315
   2.234      0.447520
   2.238      0.446727
   2.242      0.445937
   2.246      0.445150
   2.250      0.444365
   2.254      0.443584
   2.258      0.442805
   2.262      0.442029
   2.266      0.441255
   2.270      0.440484
   2.274      0.439716
   2.278      0.438950
   2.282      0.438188
   2.286      0.437427
   2.290      0.436670
   2.294      0.435915
   2.298      0.435162
   2.302      0.434412
   2.306      0.433665
   2.310      0.432920
   2.314      0.432178
   2.318      0.431438
   2.322      0.430701
   2.326      0.429966
   2.330      0.429234
   2.334      0.428505
   2.338      0.427777
   2.342      0.427053
   2.346      0.426330
   2.350      0.425610
   2.354      0.424893
   2.357      0.424178
   2.361      0.423465
   2.365      0.422755
   2.369      0.422047
   2.373      0.421341
   2.377      0.420638
   2.381      0.419937
   2.385      0.419238
   2.389      0.418542
   2.393      0.417848
   2.397      0.417157
   2.401      0.416467
   2.405      0.415780
   2.409      0.415095
   2.413      0.414412
   2.417      0.413732
   2.421      0.413054
   2.425      0.412378
   2.429      0.411704
   2.433      0.411033
   2.437      0.410363
   2.441      0.409696
   2.445      0.409031
   2.449      0.408368
   2.453      0.407708
   2.457      0.407049
   2.461      0.406392
   2.465      0.405738
   2.469      0.405086
   2.473      0.404436
   2.477      0.403787
   2.481      0.403141
   2.484      0.402497
   2.488      0.401856
   2.492      0.401216
   2.496      0.400578
   2.500      0.399942
   2.504      0.399308
   2.508      0.398676
   2.512      0.398047
   2.516      0.397419
   2.520      0.396793
   2.524      0.396169
   2.528      0.395547
   2.532      0.394927
   2.536      0.394309
   2.540      0.393693
   2.544      0.393079
   2.548      0.392467
   2.552      0.391856
   2.556      0.391248
   2.560      0.390641
   2.564      0.390036
   2.568      0.389434
   2.572      0.388833
   2.576      0.388234
   2.580      0.387636
   2.584      0.387041
   2.588      0.386447
   2.592      0.385855
   2.596      0.385265
   2.600      0.384677
   2.604      0.384091
   2.608      0.383506
   2.611      0.382923
   2.615      0.382342
   2.619      0.381763
   2.623      0.381185
   2.627      0.380610
   2.631      0.380036
   2.635      0.379463
   2.639      0.378893
   2.643      0.378324
   2.647      0.377756
   2.651      0.377191
   2.655      0.376627
   2.659      0.376065
   2.663      0.375505
   2.667      0.374946
   2.671      0.374389
   2.675      0.373833
   2.679      0.373279
   2.683      0.372727
   2.687      0.372177
   2.691      0.371628
   2.695      0.371080
   2.699      0.370535
   2.703      0.369991
   2.707      0.369448
   2.711      0.368907
   2.715      0.368368
   2.719      0.367830
   2.723      0.367294
   2.727      0.366759
   2.731      0.366226
   2.735      0.365695
   2.738      0.365165
   2.742      0.364636
   2.746      0.364109
   2.750      0.363584
   2.754      0.363060
   2.758      0.362537
   2.762      0.362017
   2.766      0.361497
   2.770      0.360979
   2.774      0.360463
   2.778      0.359948
   2.782      0.359434
   2.786      0.358922
   2.790      0.358412
   2.794      0.357903
   2.798      0.357395
   2.802      0.356889
   2.806      0.356384
   2.810      0.355881
   2.814      0.355379
   2.818      0.354878
   2.822      0.354379
   2.826      0.353881
   2.830      0.353385
   2.834      0.352890
   2.838      0.352397
   2.842      0.351904
   2.846      0.351414
   2.850      0.350924
   2.854      0.350436
   2.858      0.349949
   2.862      0.349464
   2.865      0.348980
   2.869      0.348497
   2.873      0.348016
   2.877      0.347536
   2.881      0.347057
   2.885      0.346580
   2.889      0.346104
   2.893      0.345629
   2.897      0.345156
   2.901      0.344683
   2.905      0.344213
   2.909      0.343743
   2.913      0.343275
   2.917      0.342808
   2.921      0.342342
   2.925      0.341877
   2.929      0.341414
   2.933      0.340952
   2.937      0.340491
   2.941      0.340032
   2.945      0.339574
   2.949      0.339117
   2.953      0.338661
   2.957      0.338206
   2.961      0.337753
   2.965      0.337301
   2.969      0.336850
   2.973      0.336400
   2.977      0.335951
   2.981      0.335504
   2.985      0.335058
   2.989      0.334613
   2.992      0.334169
   2.996      0.333727
   3.000      0.333285
   3.004      0.332845
   3.008      0.332406
   3.012      0.331968
   3.016      0.331531
   3.020      0.331095
   3.024      0.330661
   3.028      0.330227
   3.032      0.329795
   3.036      0.329364
   3.040      0.328934
   3.044      0.328505
   3.048      0.328078
   3.052      0.327651
   3.056      0.327225
   3.060      0.326801
   3.064      0.326378
   3.068      0.325955
   3.072      0.325534
   3.076      0.325114
   3.080      0.324695
   3.084      0.324277
   3.088      0.323861
   3.092      0.323445
   3.096      0.323030
   3.100      0.322617
   3.104      0.322204
   3.108      0.321793
   3.112      0.321382
   3.116      0.320973
   3.119      0.320564
   3.123      0.320157
   3.127      0.319751
   3.131      0.319345
   3.135      0.318941
   3.139      0.318538
   3.143      0.318136
   3.147      0.317735
   3.151      0.317334
   3.155      0.316935
   3.159      0.316537
   3.163      0.316140
   3.167      0.315744
   3.171      0.315349
   3.175      0.314954
