   0.000      0.766050
   0.004      0.766050
   0.008      0.766049
   0.012      0.766049
   0.016      0.766047
   0.020      0.766046
   0.024      0.766044
   0.028      0.766042
   0.032      0.766039
   0.036      0.766036
   0.040      0.766033
   0.044      0.766029
   0.048      0.766026
   0.052      0.766021
   0.056      0.766017
   0.060      0.766012
   0.064      0.766006
   0.067      0.766001
   0.071      0.765995
   0.075      0.765988
   0.079      0.765982
   0.083      0.765974
   0.087      0.765967
   0.091      0.765959
   0.095      0.765951
   0.099      0.765942
   0.103      0.765934
   0.107      0.765924
   0.111      0.765915
   0.115      0.765905
   0.119      0.765894
   0.123      0.765883
   0.127      0.765872
   0.131      0.765860
   0.135      0.765848
   0.139      0.765836
   0.143      0.765823
   0.147      0.765810
   0.151      0.765796
   0.155      0.765782
   0.159      0.765768
   0.163      0.765753
   0.167      0.765738
   0.171      0.765722
   0.175      0.765706
   0.179      0.765689
   0.183      0.765672
   0.187      0.765655
   0.191      0.765637
   0.194      0.765618
   0.198      0.765599
   0.202      0.765580
   0.206      0.765560
   0.210      0.765540
   0.214      0.765519
   0.218      0.765497
   0.222      0.765475
   0.226      0.765453
   0.230      0.765430
   0.234      0.765407
   0.238      0.765383
   0.242      0.765358
   0.246      0.765333
   0.250      0.765308
   0.254      0.765281
   0.258      0.765255
   0.262      0.765227
   0.266      0.765199
   0.270      0.765171
   0.274      0.765141
   0.278      0.765112
   0.282      0.765081
   0.286      0.765050
   0.290      0.765018
   0.294      0.764986
   0.298      0.764953
   0.302      0.764919
   0.306      0.764885
   0.310      0.764850
   0.314      0.764814
   0.318      0.764777
   0.321      0.764740
   0.325      0.764702
   0.329      0.764663
   0.333      0.764623
   0.337      0.764583
   0.341      0.764541
   0.345      0.764499
   0.349      0.764456
   0.353      0.764413
   0.357      0.764368
   0.361      0.764322
   0.365      0.764276
   0.369      0.764229
   0.373      0.764180
   0.377      0.764131
   0.381      0.764081
   0.385      0.764030
   0.389      0.763978
   0.393      0.763925
   0.397      0.763870
   0.401      0.763815
   0.405      0.763759
   0.409      0.763702
   0.413      0.763643
   0.417      0.763583
   0.421      0.763523
   0.425      0.763461
   0.429      0.763398
   0.433      0.763333
   0.437      0.763268
   0.441      0.763201
   0.445      0.763133
   0.448      0.763063
   0.452      0.762992
   0.456      0.762920
   0.460      0.762847
   0.464      0.762772
   0.468      0.762696
   0.472      0.762618
   0.476      0.762539
   0.480      0.762458
   0.484      0.762376
   0.488      0.762292
   0.492      0.762207
   0.496      0.762119
   0.500      0.762031
   0.504      0.761940
   0.508      0.761848
   0.512      0.761755
   0.516      0.761659
   0.520      0.761562
   0.524      0.761463
   0.528      0.761361
   0.532      0.761259
   0.536      0.761154
   0.540      0.761047
   0.544      0.760938
   0.548      0.760827
   0.552      0.760714
   0.556      0.760599
   0.560      0.760482
   0.564      0.760363
   0.568      0.760241
   0.572      0.760117
   0.575      0.759991
   0.579      0.759863
   0.583      0.759732
   0.587      0.759599
   0.591      0.759463
   0.595      0.759325
   0.599      0.759184
   0.603      0.759041
   0.607      0.758895
   0.611      0.758747
   0.615      0.758596
   0.619      0.758442
   0.623      0.758285
   0.627      0.758125
   0.631      0.757963
   0.635      0.757798
   0.639      0.757629
   0.643      0.757458
   0.647      0.757284
   0.651      0.757106
   0.655      0.756926
   0.659      0.756742
   0.663      0.756555
   0.667      0.756365
   0.671      0.756171
   0.675      0.755974
   0.679      0.755773
   0.683      0.755570
   0.687      0.755362
   0.691      0.755151
   0.695      0.754937
   0.699      0.754718
   0.702      0.754496
   0.706      0.754270
   0.710      0.754041
   0.714      0.753807
   0.718      0.753570
   0.722      0.753329
   0.726      0.753084
   0.730      0.752834
   0.734      0.752581
   0.738      0.752323
   0.742      0.752061
   0.746      0.751795
   0.750      0.751525
   0.754      0.751250
   0.758      0.750971
   0.762      0.750688
   0.766      0.750400
   0.770      0.750107
   0.774      0.749810
   0.778      0.749508
   0.782      0.749202
   0.786      0.748891
   0.790      0.748575
   0.794      0.748254
   0.798      0.747929
   0.802      0.747598
   0.806      0.747263
   0.810      0.746923
   0.814      0.746578
   0.818      0.746227
   0.822      0.745872
   0.826      0.745511
   0.829      0.745146
   0.833      0.744775
   0.837      0.744399
   0.841      0.744018
   0.845      0.743631
   0.849      0.743239
   0.853      0.742842
   0.857      0.742439
   0.861      0.742031
   0.865      0.741617
   0.869      0.741198
   0.873      0.740774
   0.877      0.740344
   0.881      0.739908
   0.885      0.739467
   0.889      0.739020
   0.893      0.738567
   0.897      0.738109
   0.901      0.737645
   0.905      0.737176
   0.909      0.736701
   0.913      0.736220
   0.917      0.735733
   0.921      0.735241
   0.925      0.734743
   0.929      0.734239
   0.933      0.733730
   0.937      0.733214
   0.941      0.732693
   0.945      0.732166
   0.949      0.731634
   0.953      0.731095
   0.956      0.730551
   0.960      0.730001
   0.964      0.729445
   0.968      0.728883
   0.972      0.728316
   0.976      0.727742
   0.980      0.727163
   0.984      0.726579
   0.988      0.725988
   0.992      0.725392
   0.996      0.724790
   1.000      0.724182
   1.004      0.723569
   1.008      0.722950
   1.012      0.722325
   1.016      0.721695
   1.020      0.721059
   1.024      0.720417
   1.028      0.719770
   1.032      0.719117
   1.036      0.718459
   1.040      0.717795
   1.044      0.717125
   1.048      0.716451
   1.052      0.715770
   1.056      0.715085
   1.060      0.714394
   1.064      0.713697
   1.068      0.712996
   1.072      0.712289
   1.076      0.711577
   1.080      0.710859
   1.083      0.710137
   1.087      0.709409
   1.091      0.708676
   1.095      0.707938
   1.099      0.707196
   1.103      0.706448
   1.107      0.705695
   1.111      0.704937
   1.115      0.704175
   1.119      0.703407
   1.123      0.702635
   1.127      0.701858
   1.131      0.701077
   1.135      0.700291
   1.139      0.699500
   1.143      0.698705
   1.147      0.697905
   1.151      0.697101
   1.155      0.696292
   1.159      0.695479
   1.163      0.694662
   1.167      0.693840
   1.171      0.693014
   1.175      0.692184
   1.179      0.691350
   1.183      0.690512
   1.187      0.689670
   1.191      0.688824
   1.195      0.687974
   1.199      0.687120
   1.203      0.686262
   1.207      0.685401
   1.210      0.684536
   1.214      0.683667
   1.218      0.682794
   1.222      0.681918
   1.226      0.681039
   1.230      0.680156
   1.234      0.679269
   1.238      0.678380
   1.242      0.677486
   1.246      0.676590
   1.250      0.675691
   1.254      0.674788
   1.258      0.673882
   1.262      0.672973
   1.266      0.672061
   1.270      0.671147
   1.274      0.670229
   1.278      0.669308
   1.282      0.668385
   1.286      0.667459
   1.290      0.666530
   1.294      0.665599
   1.298      0.664665
   1.302      0.663728
   1.306      0.662789
   1.310      0.661847
   1.314      0.660903
   1.318      0.659957
   1.322      0.659008
   1.326      0.658058
   1.330      0.657105
   1.334      0.656149
   1.337      0.655192
   1.341      0.654233
   1.345      0.653271
   1.349      0.652308
   1.353      0.651342
   1.357      0.650375
   1.361      0.649406
   1.365      0.648435
   1.369      0.647463
   1.373      0.646489
   1.377      0.645513
   1.381      0.644535
   1.385      0.643556
   1.389      0.642576
   1.393      0.641594
   1.397      0.640610
   1.401      0.639625
   1.405      0.638639
   1.409      0.637652
   1.413      0.636663
   1.417      0.635673
   1.421      0.634682
   1.425      0.633690
   1.429      0.632697
   1.433      0.631702
   1.437      0.630707
   1.441      0.629711
   1.445      0.628714
   1.449      0.627716
   1.453      0.626717
   1.457      0.625717
   1.461      0.624716
   1.464      0.623715
   1.468      0.622713
   1.472      0.621711
   1.476      0.620708
   1.480      0.619704
   1.484      0.618700
   1.488      0.617695
   1.492      0.616690
   1.496      0.615684
   1.500      0.614678
   1.504      0.613672
   1.508      0.612665
   1.512      0.611658
   1.516      0.610651
   1.520      0.609644
   1.524      0.608636
   1.528      0.607628
   1.532      0.606620
   1.536      0.605612
   1.540      0.604604
   1.544      0.603596
   1.548      0.602588
   1.552      0.601580
   1.556      0.600572
   1.560      0.599565
   1.564      0.598557
   1.568      0.597550
   1.572      0.596542
   1.576      0.595535
   1.580      0.594529
   1.584      0.593522
   1.588      0.592516
   1.591      0.591510
   1.595      0.590505
   1.599      0.589500
   1.603      0.588495
   1.607      0.587491
   1.611      0.586487
   1.615      0.585484
   1.619      0.584481
   1.623      0.583479
   1.627      0.582478
   1.631      0.581477
   1.635      0.580477
   1.639      0.579477
   1.643      0.578478
   1.647      0.577480
   1.651      0.576483
   1.655      0.575486
   1.659      0.574490
   1.663      0.573495
   1.667      0.572501
   1.671      0.571507
   1.675      0.570515
   1.679      0.569523
   1.683      0.568532
   1.687      0.567543
   1.691      0.566554
   1.695      0.565566
   1.699      0.564579
   1.703      0.563593
   1.707      0.562608
   1.711      0.561624
   1.715      0.560642
   1.719      0.559660
   1.722      0.558680
   1.726      0.557700
   1.730      0.556722
   1.734      0.555745
   1.738      0.554769
   1.742      0.553795
   1.746      0.552821
   1.750      0.551849
   1.754      0.550878
   1.758      0.549909
   1.762      0.548940
   1.766      0.547973
   1.770      0.547007
   1.774      0.546043
   1.778      0.545080
   1.782      0.544118
   1.786      0.543158
   1.790      0.542199
   1.794      0.541242
   1.798      0.540286
   1.802      0.539331
   1.806      0.538378
   1.810      0.537426
   1.814      0.536476
   1.818      0.535527
   1.822      0.534580
   1.826      0.533634
   1.830      0.532690
   1.834      0.531748
   1.838      0.530807
   1.842      0.529867
   1.846      0.528929
   1.849      0.527993
   1.853      0.527058
   1.857      0.526125
   1.861      0.525193
   1.865      0.524264
   1.869      0.523335
   1.873      0.522409
   1.877      0.521484
   1.881      0.520561
   1.885      0.519639
   1.889      0.518719
   1.893      0.517801
   1.897      0.516885
   1.901      0.515970
   1.905      0.515057
   1.909      0.514146
   1.913      0.513236
   1.917      0.512329
   1.921      0.511423
   1.925      0.510518
   1.929      0.509616
   1.933      0.508715
   1.937      0.507816
   1.941      0.506919
   1.945      0.506024
   1.949      0.505131
   1.953      0.504239
   1.957      0.503349
   1.961      0.502461
   1.965      0.501575
   1.969      0.500691
   1.973      0.499808
   1.976      0.498928
   1.980      0.498049
   1.984      0.497172
   1.988      0.496297
   1.992      0.495424
   1.996      0.494553
   2.000      0.493683
   2.004      0.492816
   2.008      0.491950
   2.012      0.491087
   2.016      0.490225
   2.020      0.489365
   2.024      0.488507
   2.028      0.487651
   2.032      0.486797
   2.036      0.485945
   2.040      0.485095
   2.044      0.484247
   2.048      0.483400
   2.052      0.482556
   2.056      0.481713
   2.060      0.480873
   2.064      0.480034
   2.068      0.479198
   2.072      0.478363
   2.076      0.477530
   2.080      0.476699
   2.084      0.475871
   2.088      0.475044
   2.092      0.474219
   2.096      0.473396
   2.100      0.472575
   2.103      0.471756
   2.107      0.470939
   2.111      0.470124
   2.115      0.469311
   2.119      0.468500
   2.123      0.467691
   2.127      0.466883
   2.131      0.466078
   2.135      0.465275
   2.139      0.464474
   2.143      0.463675
   2.147      0.462877
   2.151      0.462082
   2.155      0.461289
   2.159      0.460497
   2.163      0.459708
   2.167      0.458921
   2.171      0.458135
   2.175      0.457352
   2.179      0.456571
   2.183      0.455791
   2.187      0.455014
   2.191      0.454238
   2.195      0.453465
   2.199      0.452693
   2.203      0.451924
   2.207      0.451156
   2.211      0.450391
   2.215      0.449627
   2.219      0.448866
   2.223      0.448106
   2.227      0.447348
   2.230      0.446593
   2.234      0.445839
   2.238      0.445087
   2.242      0.444337
   2.246      0.443589
   2.250      0.442844
   2.254      0.442100
   2.258      0.441358
   2.262      0.440618
   2.266      0.439880
   2.270      0.439144
   2.274      0.438410
   2.278      0.437678
   2.282      0.436947
   2.286      0.436219
   2.290      0.435493
   2.294      0.434769
   2.298      0.434046
   2.302      0.433326
   2.306      0.432607
   2.310      0.431891
   2.314      0.431176
   2.318      0.430463
   2.322      0.429753
   2.326      0.429044
   2.330      0.428337
   2.334      0.427632
   2.338      0.426929
   2.342      0.426228
   2.346      0.425528
   2.350      0.424831
   2.354      0.424136
   2.357      0.423442
   2.361      0.422750
   2.365      0.422061
   2.369      0.421373
   2.373      0.420687
   2.377      0.420003
   2.381      0.419321
   2.385      0.418640
   2.389      0.417962
   2.393      0.417285
   2.397      0.416611
   2.401      0.415938
   2.405      0.415267
   2.409      0.414598
   2.413      0.413931
   2.417      0.413265
   2.421      0.412602
   2.425      0.411940
   2.429      0.411280
   2.433      0.410622
   2.437      0.409966
   2.441      0.409312
   2.445      0.408659
   2.449      0.408009
   2.453      0.407360
   2.457      0.406713
   2.461      0.406068
   2.465      0.405424
   2.469      0.404783
   2.473      0.404143
   2.477      0.403505
   2.481      0.402869
   2.484      0.402234
   2.488      0.401602
   2.492      0.400971
   2.496      0.400342
   2.500      0.399715
   2.504      0.399089
   2.508      0.398465
   2.512      0.397843
   2.516      0.397223
   2.520      0.396605
   2.524      0.395988
   2.528      0.395373
   2.532      0.394760
   2.536      0.394148
   2.540      0.393538
   2.544      0.392930
   2.548      0.392324
   2.552      0.391719
   2.556      0.391116
   2.560      0.390515
   2.564      0.389916
   2.568      0.389318
   2.572      0.388722
   2.576      0.388127
   2.580      0.387535
   2.584      0.386944
   2.588      0.386354
   2.592      0.385767
   2.596      0.385180
   2.600      0.384596
   2.604      0.384013
   2.608      0.383432
   2.611      0.382853
   2.615      0.382275
   2.619      0.381699
   2.623      0.381125
   2.627      0.380552
   2.631      0.379980
   2.635      0.379411
   2.639      0.378843
   2.643      0.378276
   2.647      0.377712
   2.651      0.377148
   2.655      0.376587
   2.659      0.376027
   2.663      0.375468
   2.667      0.374912
   2.671      0.374356
   2.675      0.373803
   2.679      0.373251
   2.683      0.372700
   2.687      0.372151
   2.691      0.371604
   2.695      0.371058
   2.699      0.370513
   2.703      0.369971
   2.707      0.369429
   2.711      0.368890
   2.715      0.368351
   2.719      0.367815
   2.723      0.367279
   2.727      0.366746
   2.731      0.366214
   2.735      0.365683
   2.738      0.365154
   2.742      0.364626
   2.746      0.364100
   2.750      0.363575
   2.754      0.363052
   2.758      0.362530
   2.762      0.362010
   2.766      0.361491
   2.770      0.360974
   2.774      0.360458
   2.778      0.359943
   2.782      0.359430
   2.786      0.358918
   2.790      0.358408
   2.794      0.357899
   2.798      0.357392
   2.802      0.356886
   2.806      0.356382
   2.810      0.355879
   2.814      0.355377
   2.818      0.354876
   2.822      0.354378
   2.826      0.353880
   2.830      0.353384
   2.834      0.352889
   2.838      0.352396
   2.842      0.351904
   2.846      0.351413
   2.850      0.350924
   2.854      0.350436
   2.858      0.349949
   2.862      0.349464
   2.865      0.348980
   2.869      0.348497
   2.873      0.348016
   2.877      0.347536
   2.881      0.347057
   2.885      0.346580
   2.889      0.346104
   2.893      0.345629
   2.897      0.345156
   2.901      0.344683
   2.905      0.344212
   2.909      0.343743
   2.913      0.343275
   2.917      0.342808
   2.921      0.342342
   2.925      0.341877
   2.929      0.341414
   2.933      0.340952
   2.937      0.340491
   2.941      0.340032
   2.945      0.339574
   2.949      0.339117
   2.953      0.338661
   2.957      0.338206
   2.961      0.337753
   2.965      0.337301
   2.969      0.336850
   2.973      0.336400
   2.977      0.335951
   2.981      0.335504
   2.985      0.335058
   2.989      0.334613
   2.992      0.334169
   2.996      0.333727
   3.000      0.333285
   3.004      0.332845
   3.008      0.332406
   3.012      0.331968
   3.016      0.331531
   3.020      0.331095
   3.024      0.330661
   3.028      0.330227
   3.032      0.329795
   3.036      0.329364
   3.040      0.328934
   3.044      0.328505
   3.048      0.328078
   3.052      0.327651
   3.056      0.327225
   3.060      0.326801
   3.064      0.326378
   3.068      0.325955
   3.072      0.325534
   3.076      0.325114
   3.080      0.324695
   3.084      0.324277
   3.088      0.323861
   3.092      0.323445
   3.096      0.323030
   3.100      0.322617
   3.104      0.322204
   3.108      0.321793
   3.112      0.321382
   3.116      0.320973
   3.119      0.320564
   3.123      0.320157
   3.127      0.319751
   3.131      0.319345
   3.135      0.318941
   3.139      0.318538
   3.143      0.318136
   3.147      0.317735
   3.151      0.317334
   3.155      0.316935
   3.159      0.316537
   3.163      0.316140
   3.167      0.315744
   3.171      0.315349
   3.175      0.314954
