   0.000      0.807364
   0.004      0.807364
   0.008      0.807363
   0.012      0.807362
   0.015      0.807360
   0.019      0.807358
   0.023      0.807355
   0.027      0.807352
   0.031      0.807349
   0.035      0.807345
   0.039      0.807340
   0.043      0.807335
   0.046      0.807329
   0.050      0.807323
   0.054      0.807317
   0.058      0.807310
   0.062      0.807302
   0.066      0.807294
   0.070      0.807286
   0.074      0.807277
   0.077      0.807267
   0.081      0.807257
   0.085      0.807247
   0.089      0.807236
   0.093      0.807224
   0.097      0.807212
   0.101      0.807199
   0.104      0.807186
   0.108      0.807173
   0.112      0.807158
   0.116      0.807144
   0.120      0.807128
   0.124      0.807113
   0.128      0.807096
   0.132      0.807079
   0.135      0.807062
   0.139      0.807044
   0.143      0.807026
   0.147      0.807006
   0.151      0.806987
   0.155      0.806967
   0.159      0.806946
   0.163      0.806924
   0.166      0.806902
   0.170      0.806880
   0.174      0.806856
   0.178      0.806833
   0.182      0.806808
   0.186      0.806783
   0.190      0.806757
   0.193      0.806731
   0.197      0.806704
   0.201      0.806676
   0.205      0.806648
   0.209      0.806619
   0.213      0.806590
   0.217      0.806559
   0.221      0.806528
   0.224      0.806497
   0.228      0.806464
   0.232      0.806431
   0.236      0.806397
   0.240      0.806363
   0.244      0.806327
   0.248      0.806291
   0.252      0.806254
   0.255      0.806217
   0.259      0.806178
   0.263      0.806139
   0.267      0.806099
   0.271      0.806059
   0.275      0.806017
   0.279      0.805974
   0.282      0.805931
   0.286      0.805887
   0.290      0.805842
   0.294      0.805796
   0.298      0.805749
   0.302      0.805702
   0.306      0.805653
   0.310      0.805603
   0.313      0.805553
   0.317      0.805501
   0.321      0.805449
   0.325      0.805396
   0.329      0.805341
   0.333      0.805286
   0.337      0.805229
   0.341      0.805171
   0.344      0.805113
   0.348      0.805053
   0.352      0.804992
   0.356      0.804930
   0.360      0.804867
   0.364      0.804803
   0.368      0.804738
   0.371      0.804671
   0.375      0.804603
   0.379      0.804534
   0.383      0.804464
   0.387      0.804392
   0.391      0.804319
   0.395      0.804245
   0.399      0.804169
   0.402      0.804093
   0.406      0.804014
   0.410      0.803935
   0.414      0.803854
   0.418      0.803771
   0.422      0.803687
   0.426      0.803602
   0.430      0.803515
   0.433      0.803426
   0.437      0.803336
   0.441      0.803244
   0.445      0.803151
   0.449      0.803056
   0.453      0.802959
   0.457      0.802861
   0.460      0.802761
   0.464      0.802659
   0.468      0.802555
   0.472      0.802450
   0.476      0.802343
   0.480      0.802234
   0.484      0.802123
   0.488      0.802010
   0.491      0.801895
   0.495      0.801778
   0.499      0.801659
   0.503      0.801538
   0.507      0.801415
   0.511      0.801289
   0.515      0.801162
   0.519      0.801032
   0.522      0.800901
   0.526      0.800766
   0.530      0.800630
   0.534      0.800491
   0.538      0.800350
   0.542      0.800206
   0.546      0.800060
   0.549      0.799912
   0.553      0.799761
   0.557      0.799607
   0.561      0.799451
   0.565      0.799292
   0.569      0.799130
   0.573      0.798966
   0.577      0.798799
   0.580      0.798629
   0.584      0.798456
   0.588      0.798280
   0.592      0.798102
   0.596      0.797920
   0.600      0.797735
   0.604      0.797547
   0.608      0.797356
   0.611      0.797162
   0.615      0.796965
   0.619      0.796764
   0.623      0.796560
   0.627      0.796353
   0.631      0.796142
   0.635      0.795928
   0.638      0.795711
   0.642      0.795489
   0.646      0.795264
   0.650      0.795036
   0.654      0.794804
   0.658      0.794568
   0.662      0.794328
   0.666      0.794084
   0.669      0.793837
   0.673      0.793585
   0.677      0.793330
   0.681      0.793070
   0.685      0.792807
   0.689      0.792539
   0.693      0.792267
   0.697      0.791991
   0.700      0.791710
   0.704      0.791425
   0.708      0.791136
   0.712      0.790842
   0.716      0.790544
   0.720      0.790241
   0.724      0.789933
   0.727      0.789621
   0.731      0.789304
   0.735      0.788983
   0.739      0.788656
   0.743      0.788325
   0.747      0.787989
   0.751      0.787648
   0.755      0.787302
   0.758      0.786950
   0.762      0.786594
   0.766      0.786233
   0.770      0.785866
   0.774      0.785494
   0.778      0.785117
   0.782      0.784734
   0.786      0.784346
   0.789      0.783953
   0.793      0.783554
   0.797      0.783150
   0.801      0.782740
   0.805      0.782325
   0.809      0.781904
   0.813      0.781477
   0.816      0.781045
   0.820      0.780607
   0.824      0.780163
   0.828      0.779713
   0.832      0.779257
   0.836      0.778796
   0.840      0.778328
   0.844      0.777855
   0.847      0.777376
   0.851      0.776890
   0.855      0.776399
   0.859      0.775901
   0.863      0.775398
   0.867      0.774888
   0.871      0.774372
   0.875      0.773850
   0.878      0.773322
   0.882      0.772788
   0.886      0.772247
   0.890      0.771700
   0.894      0.771147
   0.898      0.770588
   0.902      0.770022
   0.905      0.769450
   0.909      0.768872
   0.913      0.768287
   0.917      0.767696
   0.921      0.767099
   0.925      0.766496
   0.929      0.765886
   0.933      0.765269
   0.936      0.764647
   0.940      0.764018
   0.944      0.763383
   0.948      0.762741
   0.952      0.762093
   0.956      0.761439
   0.960      0.760778
   0.964      0.760111
   0.967      0.759438
   0.971      0.758759
   0.975      0.758073
   0.979      0.757381
   0.983      0.756683
   0.987      0.755978
   0.991      0.755268
   0.994      0.754551
   0.998      0.753828
   1.002      0.753099
   1.006      0.752364
   1.010      0.751623
   1.014      0.750875
   1.018      0.750122
   1.022      0.749363
   1.025      0.748598
   1.029      0.747826
   1.033      0.747049
   1.037      0.746267
   1.041      0.745478
   1.045      0.744683
   1.049      0.743883
   1.053      0.743077
   1.056      0.742266
   1.060      0.741449
   1.064      0.740626
   1.068      0.739798
   1.072      0.738964
   1.076      0.738125
   1.080      0.737280
   1.083      0.736431
   1.087      0.735576
   1.091      0.734715
   1.095      0.733850
   1.099      0.732979
   1.103      0.732103
   1.107      0.731222
   1.111      0.730337
   1.114      0.729446
   1.118      0.728551
   1.122      0.727650
   1.126      0.726745
   1.130      0.725836
   1.134      0.724921
   1.138      0.724002
   1.142      0.723079
   1.145      0.722151
   1.149      0.721218
   1.153      0.720282
   1.157      0.719341
   1.161      0.718396
   1.165      0.717446
   1.169      0.716493
   1.172      0.715536
   1.176      0.714574
   1.180      0.713609
   1.184      0.712640
   1.188      0.711667
   1.192      0.710690
   1.196      0.709709
   1.200      0.708725
   1.203      0.707738
   1.207      0.706747
   1.211      0.705752
   1.215      0.704755
   1.219      0.703754
   1.223      0.702749
   1.227      0.701742
   1.231      0.700731
   1.234      0.699717
   1.238      0.698701
   1.242      0.697681
   1.246      0.696659
   1.250      0.695633
   1.254      0.694605
   1.258      0.693575
   1.261      0.692541
   1.265      0.691505
   1.269      0.690467
   1.273      0.689426
   1.277      0.688383
   1.281      0.687337
   1.285      0.686289
   1.289      0.685239
   1.292      0.684187
   1.296      0.683133
   1.300      0.682076
   1.304      0.681018
   1.308      0.679957
   1.312      0.678895
   1.316      0.677831
   1.320      0.676765
   1.323      0.675698
   1.327      0.674629
   1.331      0.673558
   1.335      0.672486
   1.339      0.671412
   1.343      0.670336
   1.347      0.669260
   1.350      0.668182
   1.354      0.667102
   1.358      0.666022
   1.362      0.664940
   1.366      0.663857
   1.370      0.662773
   1.374      0.661688
   1.378      0.660602
   1.381      0.659515
   1.385      0.658428
   1.389      0.657339
   1.393      0.656249
   1.397      0.655159
   1.401      0.654068
   1.405      0.652977
   1.409      0.651884
   1.412      0.650792
   1.416      0.649698
   1.420      0.648605
   1.424      0.647510
   1.428      0.646416
   1.432      0.645321
   1.436      0.644226
   1.439      0.643130
   1.443      0.642034
   1.447      0.640938
   1.451      0.639842
   1.455      0.638746
   1.459      0.637650
   1.463      0.636553
   1.467      0.635457
   1.470      0.634361
   1.474      0.633265
   1.478      0.632169
   1.482      0.631073
   1.486      0.629977
   1.490      0.628882
   1.494      0.627787
   1.498      0.626692
   1.501      0.625597
   1.505      0.624503
   1.509      0.623409
   1.513      0.622316
   1.517      0.621223
   1.521      0.620131
   1.525      0.619039
   1.528      0.617948
   1.532      0.616858
   1.536      0.615768
   1.540      0.614679
   1.544      0.613590
   1.548      0.612502
   1.552      0.611415
   1.556      0.610329
   1.559      0.609244
   1.563      0.608159
   1.567      0.607076
   1.571      0.605993
   1.575      0.604911
   1.579      0.603830
   1.583      0.602750
   1.587      0.601671
   1.590      0.600593
   1.594      0.599517
   1.598      0.598441
   1.602      0.597366
   1.606      0.596293
   1.610      0.595221
   1.614      0.594149
   1.617      0.593080
   1.621      0.592011
   1.625      0.590944
   1.629      0.589877
   1.633      0.588813
   1.637      0.587749
   1.641      0.586687
   1.645      0.585626
   1.648      0.584567
   1.652      0.583509
   1.656      0.582452
   1.660      0.581397
   1.664      0.580343
   1.668      0.579291
   1.672      0.578240
   1.676      0.577191
   1.679      0.576143
   1.683      0.575097
   1.687      0.574053
   1.691      0.573010
   1.695      0.571969
   1.699      0.570929
   1.703      0.569891
   1.706      0.568854
   1.710      0.567820
   1.714      0.566787
   1.718      0.565755
   1.722      0.564726
   1.726      0.563698
   1.730      0.562672
   1.734      0.561647
   1.737      0.560625
   1.741      0.559604
   1.745      0.558585
   1.749      0.557567
   1.753      0.556552
   1.757      0.555538
   1.761      0.554527
   1.765      0.553517
   1.768      0.552509
   1.772      0.551503
   1.776      0.550499
   1.780      0.549496
   1.784      0.548496
   1.788      0.547498
   1.792      0.546501
   1.795      0.545507
   1.799      0.544514
   1.803      0.543523
   1.807      0.542535
   1.811      0.541548
   1.815      0.540563
   1.819      0.539581
   1.823      0.538600
   1.826      0.537622
   1.830      0.536645
   1.834      0.535671
   1.838      0.534698
   1.842      0.533728
   1.846      0.532759
   1.850      0.531793
   1.854      0.530829
   1.857      0.529867
   1.861      0.528907
   1.865      0.527949
   1.869      0.526993
   1.873      0.526039
   1.877      0.525087
   1.881      0.524138
   1.884      0.523190
   1.888      0.522245
   1.892      0.521302
   1.896      0.520361
   1.900      0.519422
   1.904      0.518485
   1.908      0.517551
   1.912      0.516619
   1.915      0.515688
   1.919      0.514760
   1.923      0.513834
   1.927      0.512911
   1.931      0.511989
   1.935      0.511070
   1.939      0.510153
   1.943      0.509238
   1.946      0.508325
   1.950      0.507414
   1.954      0.506506
   1.958      0.505600
   1.962      0.504696
   1.966      0.503794
   1.970      0.502894
   1.973      0.501997
   1.977      0.501101
   1.981      0.500208
   1.985      0.499318
   1.989      0.498429
   1.993      0.497543
   1.997      0.496659
   2.001      0.495777
   2.004      0.494897
   2.008      0.494020
   2.012      0.493144
   2.016      0.492271
   2.020      0.491400
   2.024      0.490532
   2.028      0.489665
   2.032      0.488801
   2.035      0.487939
   2.039      0.487079
   2.043      0.486222
   2.047      0.485367
   2.051      0.484514
   2.055      0.483663
   2.059      0.482814
   2.063      0.481968
   2.066      0.481123
   2.070      0.480281
   2.074      0.479442
   2.078      0.478604
   2.082      0.477769
   2.086      0.476936
   2.090      0.476105
   2.093      0.475276
   2.097      0.474449
   2.101      0.473625
   2.105      0.472803
   2.109      0.471983
   2.113      0.471165
   2.117      0.470350
   2.121      0.469536
   2.124      0.468725
   2.128      0.467916
   2.132      0.467110
   2.136      0.466305
   2.140      0.465503
   2.144      0.464703
   2.148      0.463905
   2.152      0.463109
   2.155      0.462315
   2.159      0.461524
   2.163      0.460734
   2.167      0.459947
   2.171      0.459162
   2.175      0.458379
   2.179      0.457599
   2.182      0.456820
   2.186      0.456044
   2.190      0.455270
   2.194      0.454498
   2.198      0.453728
   2.202      0.452960
   2.206      0.452194
   2.210      0.451431
   2.213      0.450670
   2.217      0.449910
   2.221      0.449153
   2.225      0.448398
   2.229      0.447645
   2.233      0.446895
   2.237      0.446146
   2.241      0.445399
   2.244      0.444655
   2.248      0.443913
   2.252      0.443172
   2.256      0.442434
   2.260      0.441698
   2.264      0.440964
   2.268      0.440232
   2.271      0.439502
   2.275      0.438774
   2.279      0.438049
   2.283      0.437325
   2.287      0.436603
   2.291      0.435884
   2.295      0.435166
   2.299      0.434451
   2.302      0.433737
   2.306      0.433026
   2.310      0.432316
   2.314      0.431609
   2.318      0.430904
   2.322      0.430200
   2.326      0.429499
   2.330      0.428800
   2.333      0.428102
   2.337      0.427407
   2.341      0.426714
   2.345      0.426022
   2.349      0.425333
   2.353      0.424646
   2.357      0.423960
   2.360      0.423277
   2.364      0.422595
   2.368      0.421916
   2.372      0.421238
   2.376      0.420563
   2.380      0.419889
   2.384      0.419217
   2.388      0.418547
   2.391      0.417880
   2.395      0.417214
   2.399      0.416550
   2.403      0.415887
   2.407      0.415227
   2.411      0.414569
   2.415      0.413913
   2.419      0.413258
   2.422      0.412605
   2.426      0.411955
   2.430      0.411306
   2.434      0.410659
   2.438      0.410014
   2.442      0.409370
   2.446      0.408729
   2.449      0.408089
   2.453      0.407452
   2.457      0.406816
   2.461      0.406182
   2.465      0.405550
   2.469      0.404919
   2.473      0.404291
   2.477      0.403664
   2.480      0.403039
   2.484      0.402416
   2.488      0.401794
   2.492      0.401175
   2.496      0.400557
   2.500      0.399941
   2.504      0.399327
   2.508      0.398714
   2.511      0.398104
   2.515      0.397495
   2.519      0.396888
   2.523      0.396282
   2.527      0.395679
   2.531      0.395077
   2.535      0.394476
   2.538      0.393878
   2.542      0.393281
   2.546      0.392686
   2.550      0.392093
   2.554      0.391501
   2.558      0.390911
   2.562      0.390323
   2.566      0.389737
   2.569      0.389152
   2.573      0.388569
   2.577      0.387987
   2.581      0.387407
   2.585      0.386829
   2.589      0.386253
   2.593      0.385678
   2.597      0.385105
   2.600      0.384533
   2.604      0.383963
   2.608      0.383395
   2.612      0.382828
   2.616      0.382263
   2.620      0.381700
   2.624      0.381138
   2.627      0.380578
   2.631      0.380019
   2.635      0.379462
   2.639      0.378907
   2.643      0.378353
   2.647      0.377800
   2.651      0.377250
   2.655      0.376701
   2.658      0.376153
   2.662      0.375607
   2.666      0.375063
   2.670      0.374520
   2.674      0.373978
   2.678      0.373438
   2.682      0.372900
   2.686      0.372363
   2.689      0.371828
   2.693      0.371294
   2.697      0.370762
   2.701      0.370231
   2.705      0.369702
   2.709      0.369174
   2.713      0.368647
   2.716      0.368123
   2.720      0.367599
   2.724      0.367077
   2.728      0.366557
   2.732      0.366038
   2.736      0.365520
   2.740      0.365004
   2.744      0.364490
   2.747      0.363976
   2.751      0.363465
   2.755      0.362954
   2.759      0.362445
   2.763      0.361938
   2.767      0.361432
   2.771      0.360927
   2.775      0.360424
   2.778      0.359922
   2.782      0.359421
   2.786      0.358922
   2.790      0.358424
   2.794      0.357928
   2.798      0.357433
   2.802      0.356939
   2.805      0.356447
   2.809      0.355956
   2.813      0.355466
   2.817      0.354978
   2.821      0.354491
   2.825      0.354006
   2.829      0.353521
   2.833      0.353038
   2.836      0.352557
   2.840      0.352077
   2.844      0.351598
   2.848      0.351120
   2.852      0.350643
   2.856      0.350168
   2.860      0.349694
   2.864      0.349222
   2.867      0.348751
   2.871      0.348281
   2.875      0.347812
   2.879      0.347344
   2.883      0.346878
   2.887      0.346413
   2.891      0.345949
   2.894      0.345487
   2.898      0.345026
   2.902      0.344566
   2.906      0.344107
   2.910      0.343649
   2.914      0.343193
   2.918      0.342738
   2.922      0.342284
   2.925      0.341831
   2.929      0.341379
   2.933      0.340929
   2.937      0.340480
   2.941      0.340032
   2.945      0.339585
   2.949      0.339139
   2.953      0.338695
   2.956      0.338252
   2.960      0.337809
   2.964      0.337368
   2.968      0.336929
   2.972      0.336490
   2.976      0.336052
   2.980      0.335616
   2.983      0.335181
   2.987      0.334746
   2.991      0.334313
   2.995      0.333881
   2.999      0.333451
   3.003      0.333021
   3.007      0.332592
   3.011      0.332165
   3.014      0.331738
   3.018      0.331313
   3.022      0.330889
   3.026      0.330466
   3.030      0.330044
   3.034      0.329623
   3.038      0.329203
   3.042      0.328784
   3.045      0.328366
   3.049      0.327949
   3.053      0.327534
   3.057      0.327119
   3.061      0.326706
   3.065      0.326293
   3.069      0.325882
   3.072      0.325471
   3.076      0.325062
   3.080      0.324653
   3.084      0.324246
   3.088      0.323840
   3.092      0.323435
   3.096      0.323030
