   0.000     -0.000163
   0.004      0.000081
   0.008      0.000325
   0.012      0.000731
   0.016      0.001300
   0.019      0.002031
   0.023      0.002924
   0.027      0.003980
   0.031      0.005197
   0.035      0.006576
   0.039      0.008116
   0.043      0.009817
   0.047      0.011680
   0.051      0.013703
   0.055      0.015886
   0.059      0.018229
   0.062      0.020731
   0.066      0.023392
   0.070      0.026212
   0.074      0.029190
   0.078      0.032326
   0.082      0.035618
   0.086      0.039067
   0.090      0.042672
   0.094      0.046432
   0.098      0.050347
   0.101      0.054415
   0.105      0.058637
   0.109      0.063012
   0.113      0.067538
   0.117      0.072215
   0.121      0.077043
   0.125      0.082019
   0.129      0.087145
   0.133      0.092418
   0.136      0.097837
   0.140      0.103403
   0.144      0.109113
   0.148      0.114967
   0.152      0.120965
   0.156      0.127103
   0.160      0.133383
   0.164      0.139803
   0.168      0.146361
   0.172      0.153056
   0.175      0.159888
   0.179      0.166856
   0.183      0.173957
   0.187      0.181191
   0.191      0.188556
   0.195      0.196052
   0.199      0.203677
   0.203      0.211429
   0.207      0.219308
   0.211      0.227311
   0.214      0.235439
   0.218      0.243688
   0.222      0.252059
   0.226      0.260549
   0.230      0.269157
   0.234      0.277881
   0.238      0.286720
   0.242      0.295673
   0.246      0.304738
   0.250      0.313913
   0.253      0.323197
   0.257      0.332588
   0.261      0.342084
   0.265      0.351685
   0.269      0.361388
   0.273      0.371192
   0.277      0.381095
   0.281      0.391095
   0.285      0.401191
   0.289      0.411380
   0.292      0.421662
   0.296      0.432035
   0.300      0.442496
   0.304      0.453043
   0.308      0.463676
   0.312      0.474392
   0.316      0.485190
   0.320      0.496067
   0.324      0.507022
   0.328      0.518053
   0.331      0.529157
   0.335      0.540334
   0.339      0.551581
   0.343      0.562897
   0.347      0.574279
   0.351      0.585725
   0.355      0.597234
   0.359      0.608803
   0.363      0.620431
   0.367      0.632116
   0.371      0.643855
   0.374      0.655647
   0.378      0.667490
   0.382      0.679382
   0.386      0.691320
   0.390      0.703303
   0.394      0.715329
   0.398      0.727395
   0.402      0.739500
   0.406      0.751642
   0.410      0.763818
   0.413      0.776027
   0.417      0.788266
   0.421      0.800534
   0.425      0.812829
   0.429      0.825147
   0.433      0.837489
   0.437      0.849850
   0.441      0.862230
   0.445      0.874626
   0.449      0.887036
   0.452      0.899458
   0.456      0.911890
   0.460      0.924330
   0.464      0.936777
   0.468      0.949227
   0.472      0.961679
   0.476      0.974131
   0.480      0.986581
   0.484      0.999027
   0.488      1.011466
   0.491      1.023898
   0.495      1.036319
   0.499      1.048728
   0.503      1.061123
   0.507      1.073501
   0.511      1.085861
   0.515      1.098202
   0.519      1.110520
   0.523      1.122813
   0.527      1.135081
   0.530      1.147321
   0.534      1.159531
   0.538      1.171709
   0.542      1.183854
   0.546      1.195963
   0.550      1.208034
   0.554      1.220066
   0.558      1.232057
   0.562      1.244004
   0.566      1.255907
   0.569      1.267762
   0.573      1.279570
   0.577      1.291327
   0.581      1.303031
   0.585      1.314682
   0.589      1.326277
   0.593      1.337815
   0.597      1.349294
   0.601      1.360711
   0.605      1.372067
   0.608      1.383358
   0.612      1.394583
   0.616      1.405741
   0.620      1.416830
   0.624      1.427848
   0.628      1.438794
   0.632      1.449666
   0.636      1.460463
   0.640      1.471182
   0.644      1.481824
   0.647      1.492386
   0.651      1.502866
   0.655      1.513264
   0.659      1.523577
   0.663      1.533806
   0.667      1.543947
   0.671      1.554000
   0.675      1.563963
   0.679      1.573835
   0.683      1.583616
   0.686      1.593303
   0.690      1.602895
   0.694      1.612391
   0.698      1.621791
   0.702      1.631092
   0.706      1.640293
   0.710      1.649395
   0.714      1.658394
   0.718      1.667292
   0.722      1.676085
   0.725      1.684774
   0.729      1.693357
   0.733      1.701833
   0.737      1.710202
   0.741      1.718463
   0.745      1.726613
   0.749      1.734654
   0.753      1.742584
   0.757      1.750402
   0.761      1.758107
   0.764      1.765698
   0.768      1.773176
   0.772      1.780538
   0.776      1.787785
   0.780      1.794916
   0.784      1.801929
   0.788      1.808826
   0.792      1.815604
   0.796      1.822264
   0.800      1.828804
   0.803      1.835225
   0.807      1.841526
   0.811      1.847707
   0.815      1.853766
   0.819      1.859704
   0.823      1.865521
   0.827      1.871215
   0.831      1.876787
   0.835      1.882236
   0.839      1.887563
   0.842      1.892766
   0.846      1.897846
   0.850      1.902802
   0.854      1.907635
   0.858      1.912344
   0.862      1.916929
   0.866      1.921389
   0.870      1.925726
   0.874      1.929939
   0.878      1.934027
   0.881      1.937992
   0.885      1.941832
   0.889      1.945549
   0.893      1.949141
   0.897      1.952610
   0.901      1.955955
   0.905      1.959176
   0.909      1.962275
   0.913      1.965250
   0.917      1.968102
   0.920      1.970832
   0.924      1.973439
   0.928      1.975924
   0.932      1.978287
   0.936      1.980530
   0.940      1.982651
   0.944      1.984651
   0.948      1.986531
   0.952      1.988292
   0.956      1.989933
   0.959      1.991455
   0.963      1.992859
   0.967      1.994144
   0.971      1.995313
   0.975      1.996364
   0.979      1.997300
   0.983      1.998119
   0.987      1.998824
   0.991      1.999414
   0.995      1.999890
   0.998      2.000253
   1.002      2.000504
   1.006      2.000642
   1.010      2.000670
   1.014      2.000587
   1.018      2.000395
   1.022      2.000093
   1.026      1.999684
   1.030      1.999167
   1.034      1.998543
   1.037      1.997814
   1.041      1.996980
   1.045      1.996041
   1.049      1.994999
   1.053      1.993855
   1.057      1.992610
   1.061      1.991263
   1.065      1.989817
   1.069      1.988272
   1.073      1.986629
   1.076      1.984889
   1.080      1.983053
   1.084      1.981122
   1.088      1.979097
   1.092      1.976978
   1.096      1.974767
   1.100      1.972465
   1.104      1.970073
   1.108      1.967591
   1.112      1.965022
   1.115      1.962365
   1.119      1.959621
   1.123      1.956793
   1.127      1.953880
   1.131      1.950885
   1.135      1.947807
   1.139      1.944648
   1.143      1.941409
   1.147      1.938092
   1.151      1.934696
   1.154      1.931224
   1.158      1.927676
   1.162      1.924053
   1.166      1.920357
   1.170      1.916588
   1.174      1.912748
   1.178      1.908838
   1.182      1.904859
   1.186      1.900811
   1.190      1.896696
   1.193      1.892515
   1.197      1.888270
   1.201      1.883960
   1.205      1.879588
   1.209      1.875155
   1.213      1.870661
   1.217      1.866107
   1.221      1.861495
   1.225      1.856826
   1.229      1.852101
   1.232      1.847320
   1.236      1.842486
   1.240      1.837598
   1.244      1.832659
   1.248      1.827669
   1.252      1.822629
   1.256      1.817541
   1.260      1.812405
   1.264      1.807222
   1.268      1.801994
   1.271      1.796721
   1.275      1.791405
   1.279      1.786047
   1.283      1.780647
   1.287      1.775207
   1.291      1.769728
   1.295      1.764211
   1.299      1.758656
   1.303      1.753065
   1.307      1.747439
   1.310      1.741778
   1.314      1.736084
   1.318      1.730358
   1.322      1.724601
   1.326      1.718813
   1.330      1.712996
   1.334      1.707151
   1.338      1.701278
   1.342      1.695378
   1.346      1.689453
   1.349      1.683503
   1.353      1.677529
   1.357      1.671533
   1.361      1.665515
   1.365      1.659475
   1.369      1.653415
   1.373      1.647336
   1.377      1.641239
   1.381      1.635124
   1.385      1.628992
   1.388      1.622844
   1.392      1.616681
   1.396      1.610504
   1.400      1.604314
   1.404      1.598111
   1.408      1.591896
   1.412      1.585670
   1.416      1.579434
   1.420      1.573188
   1.424      1.566934
   1.427      1.560671
   1.431      1.554402
   1.435      1.548125
   1.439      1.541843
   1.443      1.535556
   1.447      1.529265
   1.451      1.522970
   1.455      1.516671
   1.459      1.510371
   1.463      1.504069
   1.466      1.497766
   1.470      1.491462
   1.474      1.485159
   1.478      1.478857
   1.482      1.472556
   1.486      1.466257
   1.490      1.459961
   1.494      1.453669
   1.498      1.447380
   1.502      1.441096
   1.505      1.434816
   1.509      1.428543
   1.513      1.422275
   1.517      1.416014
   1.521      1.409760
   1.525      1.403514
   1.529      1.397276
   1.533      1.391047
   1.537      1.384827
   1.541      1.378617
   1.544      1.372416
   1.548      1.366227
   1.552      1.360048
   1.556      1.353881
   1.560      1.347725
   1.564      1.341582
   1.568      1.335452
   1.572      1.329334
   1.576      1.323231
   1.580      1.317141
   1.583      1.311065
   1.587      1.305004
   1.591      1.298958
   1.595      1.292928
   1.599      1.286913
   1.603      1.280914
   1.607      1.274931
   1.611      1.268966
   1.615      1.263017
   1.619      1.257085
   1.622      1.251171
   1.626      1.245275
   1.630      1.239397
   1.634      1.233538
   1.638      1.227697
   1.642      1.221875
   1.646      1.216073
   1.650      1.210289
   1.654      1.204526
   1.658      1.198782
   1.661      1.193059
   1.665      1.187355
   1.669      1.181673
   1.673      1.176011
   1.677      1.170370
   1.681      1.164750
   1.685      1.159151
   1.689      1.153574
   1.693      1.148018
   1.697      1.142484
   1.700      1.136973
   1.704      1.131483
   1.708      1.126015
   1.712      1.120570
   1.716      1.115147
   1.720      1.109747
   1.724      1.104369
   1.728      1.099015
   1.732      1.093683
   1.736      1.088374
   1.739      1.083088
   1.743      1.077826
   1.747      1.072587
   1.751      1.067371
   1.755      1.062179
   1.759      1.057010
   1.763      1.051864
   1.767      1.046743
   1.771      1.041644
   1.775      1.036570
   1.778      1.031519
   1.782      1.026493
   1.786      1.021489
   1.790      1.016510
   1.794      1.011555
   1.798      1.006623
   1.802      1.001716
   1.806      0.996832
   1.810      0.991973
   1.814      0.987137
   1.817      0.982325
   1.821      0.977537
   1.825      0.972773
   1.829      0.968033
   1.833      0.963316
   1.837      0.958624
   1.841      0.953955
   1.845      0.949311
   1.849      0.944690
   1.853      0.940092
   1.856      0.935519
   1.860      0.930969
   1.864      0.926443
   1.868      0.921940
   1.872      0.917461
   1.876      0.913005
   1.880      0.908573
   1.884      0.904164
   1.888      0.899779
   1.892      0.895417
   1.895      0.891078
   1.899      0.886762
   1.903      0.882469
   1.907      0.878199
   1.911      0.873952
   1.915      0.869728
   1.919      0.865527
   1.923      0.861348
   1.927      0.857192
   1.931      0.853058
   1.934      0.848947
   1.938      0.844858
   1.942      0.840792
   1.946      0.836748
   1.950      0.832725
   1.954      0.828725
   1.958      0.824747
   1.962      0.820790
   1.966      0.816855
   1.970      0.812942
   1.973      0.809050
   1.977      0.805180
   1.981      0.801331
   1.985      0.797503
   1.989      0.793696
   1.993      0.789910
   1.997      0.786145
   2.001      0.782401
   2.005      0.778678
   2.009      0.774975
   2.012      0.771292
   2.016      0.767630
   2.020      0.763988
   2.024      0.760366
   2.028      0.756764
   2.032      0.753182
   2.036      0.749619
   2.040      0.746077
   2.044      0.742553
   2.048      0.739050
   2.051      0.735565
   2.055      0.732100
   2.059      0.728654
   2.063      0.725226
   2.067      0.721818
   2.071      0.718428
   2.075      0.715057
   2.079      0.711704
   2.083      0.708370
   2.087      0.705054
   2.090      0.701756
   2.094      0.698476
   2.098      0.695214
   2.102      0.691969
   2.106      0.688743
   2.110      0.685534
   2.114      0.682342
   2.118      0.679167
   2.122      0.676010
   2.125      0.672870
   2.129      0.669747
   2.133      0.666640
   2.137      0.663550
   2.141      0.660477
   2.145      0.657421
   2.149      0.654380
   2.153      0.651356
   2.157      0.648348
   2.161      0.645357
   2.164      0.642381
   2.168      0.639420
   2.172      0.636476
   2.176      0.633547
   2.180      0.630633
   2.184      0.627735
   2.188      0.624853
   2.192      0.621985
   2.196      0.619132
   2.200      0.616294
   2.203      0.613471
   2.207      0.610663
   2.211      0.607869
   2.215      0.605090
   2.219      0.602326
   2.223      0.599575
   2.227      0.596839
   2.231      0.594117
   2.235      0.591408
   2.239      0.588714
   2.242      0.586033
   2.246      0.583366
   2.250      0.580713
   2.254      0.578073
   2.258      0.575447
   2.262      0.572834
   2.266      0.570234
   2.270      0.567647
   2.274      0.565073
   2.278      0.562512
   2.281      0.559964
   2.285      0.557429
   2.289      0.554906
   2.293      0.552396
   2.297      0.549899
   2.301      0.547414
   2.305      0.544941
   2.309      0.542480
   2.313      0.540031
   2.317      0.537595
   2.320      0.535170
   2.324      0.532758
   2.328      0.530357
   2.332      0.527968
   2.336      0.525591
   2.340      0.523225
   2.344      0.520871
   2.348      0.518528
   2.352      0.516196
   2.356      0.513876
   2.359      0.511567
   2.363      0.509269
   2.367      0.506982
   2.371      0.504706
   2.375      0.502442
   2.379      0.500188
   2.383      0.497944
   2.387      0.495712
   2.391      0.493490
   2.395      0.491279
   2.398      0.489078
   2.402      0.486888
   2.406      0.484708
   2.410      0.482539
   2.414      0.480379
   2.418      0.478230
   2.422      0.476092
   2.426      0.473963
   2.430      0.471844
   2.434      0.469736
   2.437      0.467637
   2.441      0.465548
   2.445      0.463469
   2.449      0.461400
   2.453      0.459341
   2.457      0.457291
   2.461      0.455251
   2.465      0.453220
   2.469      0.451199
   2.473      0.449187
   2.476      0.447185
   2.480      0.445192
   2.484      0.443209
   2.488      0.441234
   2.492      0.439269
   2.496      0.437314
   2.500      0.435367
   2.504      0.433429
   2.508      0.431500
   2.512      0.429581
   2.515      0.427670
   2.519      0.425768
   2.523      0.423875
   2.527      0.421991
   2.531      0.420116
   2.535      0.418249
   2.539      0.416391
   2.543      0.414542
   2.547      0.412701
   2.551      0.410868
   2.554      0.409045
   2.558      0.407229
   2.562      0.405422
   2.566      0.403624
   2.570      0.401834
   2.574      0.400052
   2.578      0.398278
   2.582      0.396512
   2.586      0.394755
   2.590      0.393006
   2.593      0.391265
   2.597      0.389531
   2.601      0.387806
   2.605      0.386089
   2.609      0.384380
   2.613      0.382678
   2.617      0.380985
   2.621      0.379299
   2.625      0.377621
   2.629      0.375951
   2.632      0.374288
   2.636      0.372633
   2.640      0.370985
   2.644      0.369345
   2.648      0.367713
   2.652      0.366088
   2.656      0.364471
   2.660      0.362861
   2.664      0.361258
   2.668      0.359662
   2.671      0.358074
   2.675      0.356493
   2.679      0.354920
   2.683      0.353353
   2.687      0.351794
   2.691      0.350242
   2.695      0.348697
   2.699      0.347158
   2.703      0.345627
   2.707      0.344103
   2.710      0.342586
   2.714      0.341075
   2.718      0.339572
   2.722      0.338075
   2.726      0.336585
   2.730      0.335102
   2.734      0.333626
   2.738      0.332156
   2.742      0.330693
   2.746      0.329236
   2.749      0.327786
   2.753      0.326343
   2.757      0.324906
   2.761      0.323476
   2.765      0.322052
   2.769      0.320634
   2.773      0.319223
   2.777      0.317818
   2.781      0.316420
   2.785      0.315027
   2.788      0.313641
   2.792      0.312262
   2.796      0.310888
   2.800      0.309521
   2.804      0.308159
   2.808      0.306804
   2.812      0.305455
   2.816      0.304112
   2.820      0.302775
   2.824      0.301444
   2.827      0.300118
   2.831      0.298799
   2.835      0.297486
   2.839      0.296178
   2.843      0.294876
   2.847      0.293580
   2.851      0.292290
   2.855      0.291006
   2.859      0.289727
   2.863      0.288454
   2.866      0.287186
   2.870      0.285925
   2.874      0.284668
   2.878      0.283418
   2.882      0.282173
   2.886      0.280933
   2.890      0.279699
   2.894      0.278470
   2.898      0.277247
   2.902      0.276029
   2.905      0.274816
   2.909      0.273609
   2.913      0.272407
   2.917      0.271211
   2.921      0.270019
   2.925      0.268833
   2.929      0.267652
   2.933      0.266476
   2.937      0.265306
   2.941      0.264140
   2.944      0.262980
   2.948      0.261825
   2.952      0.260674
   2.956      0.259529
   2.960      0.258389
   2.964      0.257254
   2.968      0.256123
   2.972      0.254998
   2.976      0.253878
   2.980      0.252762
   2.983      0.251651
   2.987      0.250545
   2.991      0.249444
   2.995      0.248348
   2.999      0.247256
   3.003      0.246169
   3.007      0.245087
   3.011      0.244010
   3.015      0.242937
   3.019      0.241869
   3.022      0.240805
   3.026      0.239746
   3.030      0.238692
   3.034      0.237642
   3.038      0.236596
   3.042      0.235556
   3.046      0.234519
   3.050      0.233487
   3.054      0.232460
   3.058      0.231437
   3.061      0.230418
   3.065      0.229403
   3.069      0.228393
   3.073      0.227388
   3.077      0.226386
   3.081      0.225389
   3.085      0.224396
   3.089      0.223408
   3.093      0.222423
   3.097      0.221443
   3.100      0.220467
   3.104      0.219495
   3.108      0.218527
   3.112      0.217564
   3.116      0.216604
   3.120      0.215649
   3.124      0.214697
   3.128      0.213750
   3.132      0.212806
   3.136      0.211867
   3.139      0.210931
   3.143      0.210000
   3.147      0.209072
   3.151      0.208149
   3.155      0.207229
   3.159      0.206313
   3.163      0.205401
   3.167      0.204493
   3.171      0.203588
   3.175      0.202688
   3.178      0.201791
   3.182      0.200898
   3.186      0.200008
   3.190      0.199123
   3.194      0.198241
   3.198      0.197363
   3.202      0.196488
   3.206      0.195617
   3.210      0.194750
   3.214      0.193886
   3.217      0.193026
   3.221      0.192170
   3.225      0.191317
   3.229      0.190467
   3.233      0.189621
   3.237      0.188779
   3.241      0.187940
   3.245      0.187105
   3.249      0.186273
   3.253      0.185444
   3.256      0.184619
   3.260      0.183798
   3.264      0.182979
   3.268      0.182164
   3.272      0.181353
   3.276      0.180544
   3.280      0.179740
   3.284      0.178938
   3.288      0.178140
   3.292      0.177345
   3.295      0.176553
   3.299      0.175764
   3.303      0.174979
   3.307      0.174197
   3.311      0.173418
   3.315      0.172642
   3.319      0.171870
   3.323      0.171100
   3.327      0.170334
   3.331      0.169571
   3.334      0.168811
   3.338      0.168054
   3.342      0.167300
   3.346      0.166549
   3.350      0.165801
   3.354      0.165056
   3.358      0.164314
   3.362      0.163576
   3.366      0.162840
   3.370      0.162107
   3.373      0.161377
   3.377      0.160650
   3.381      0.159926
   3.385      0.159205
   3.389      0.158487
   3.393      0.157772
   3.397      0.157059
   3.401      0.156350
   3.405      0.155643
   3.409      0.154939
   3.412      0.154238
   3.416      0.153540
   3.420      0.152844
   3.424      0.152151
   3.428      0.151461
   3.432      0.150774
   3.436      0.150090
   3.440      0.149408
   3.444      0.148729
   3.448      0.148052
   3.451      0.147379
   3.455      0.146708
   3.459      0.146039
   3.463      0.145374
   3.467      0.144710
   3.471      0.144050
   3.475      0.143392
   3.479      0.142737
   3.483      0.142084
   3.487      0.141434
   3.490      0.140786
   3.494      0.140141
   3.498      0.139499
   3.502      0.138859
   3.506      0.138221
   3.510      0.137586
   3.514      0.136954
   3.518      0.136324
   3.522      0.135696
   3.526      0.135071
   3.529      0.134448
   3.533      0.133828
   3.537      0.133210
   3.541      0.132595
   3.545      0.131982
   3.549      0.131371
   3.553      0.130763
   3.557      0.130157
   3.561      0.129553
   3.565      0.128952
   3.568      0.128353
   3.572      0.127756
   3.576      0.127162
   3.580      0.126570
   3.584      0.125980
   3.588      0.125392
   3.592      0.124807
   3.596      0.124224
   3.600      0.123643
   3.604      0.123064
   3.607      0.122488
   3.611      0.121914
   3.615      0.121342
   3.619      0.120772
   3.623      0.120205
   3.627      0.119639
   3.631      0.119076
   3.635      0.118515
   3.639      0.117955
   3.643      0.117399
   3.646      0.116844
   3.650      0.116291
   3.654      0.115740
   3.658      0.115192
   3.662      0.114645
   3.666      0.114101
   3.670      0.113558
   3.674      0.113018
   3.678      0.112480
   3.682      0.111944
   3.685      0.111409
   3.689      0.110877
   3.693      0.110347
   3.697      0.109818
   3.701      0.109292
   3.705      0.108768
   3.709      0.108245
   3.713      0.107725
   3.717      0.107206
   3.721      0.106690
   3.724      0.106175
   3.728      0.105662
   3.732      0.105151
   3.736      0.104642
   3.740      0.104135
   3.744      0.103630
   3.748      0.103127
   3.752      0.102625
   3.756      0.102125
   3.760      0.101628
   3.763      0.101132
   3.767      0.100637
   3.771      0.100145
   3.775      0.099654
   3.779      0.099166
   3.783      0.098679
   3.787      0.098193
   3.791      0.097710
   3.795      0.097228
   3.799      0.096748
   3.802      0.096270
   3.806      0.095794
   3.810      0.095319
   3.814      0.094846
   3.818      0.094375
   3.822      0.093905
   3.826      0.093437
   3.830      0.092971
   3.834      0.092506
   3.838      0.092044
   3.841      0.091582
   3.845      0.091123
   3.849      0.090665
   3.853      0.090209
   3.857      0.089754
   3.861      0.089301
   3.865      0.088850
   3.869      0.088400
   3.873      0.087952
   3.877      0.087505
   3.880      0.087060
   3.884      0.086617
   3.888      0.086175
   3.892      0.085735
   3.896      0.085296
   3.900      0.084859
   3.904      0.084423
   3.908      0.083989
   3.912      0.083556
   3.916      0.083125
   3.919      0.082696
   3.923      0.082268
   3.927      0.081841
   3.931      0.081416
   3.935      0.080993
   3.939      0.080571
   3.943      0.080150
   3.947      0.079731
   3.951      0.079313
   3.955      0.078897
   3.958      0.078482
   3.962      0.078069
   3.966      0.077657
   3.970      0.077246
   3.974      0.076837
   3.978      0.076430
   3.982      0.076023
   3.986      0.075618
   3.990      0.075215
   3.994      0.074813
   3.997      0.074412
   4.001      0.074013
   4.005      0.073615
   4.009      0.073218
   4.013      0.072823
   4.017      0.072429
   4.021      0.072036
   4.025      0.071645
   4.029      0.071255
   4.033      0.070866
   4.036      0.070479
   4.040      0.070093
   4.044      0.069708
   4.048      0.069325
   4.052      0.068943
   4.056      0.068562
   4.060      0.068182
   4.064      0.067804
   4.068      0.067427
   4.072      0.067051
   4.075      0.066677
   4.079      0.066303
   4.083      0.065931
   4.087      0.065560
   4.091      0.065191
   4.095      0.064822
   4.099      0.064455
   4.103      0.064089
   4.107      0.063724
   4.111      0.063361
   4.114      0.062999
   4.118      0.062637
   4.122      0.062277
   4.126      0.061919
   4.130      0.061561
   4.134      0.061204
   4.138      0.060849
   4.142      0.060495
   4.146      0.060142
   4.150      0.059790
   4.153      0.059439
   4.157      0.059090
   4.161      0.058741
   4.165      0.058394
   4.169      0.058048
   4.173      0.057703
   4.177      0.057358
   4.181      0.057016
   4.185      0.056674
   4.189      0.056333
   4.192      0.055993
   4.196      0.055655
   4.200      0.055317
   4.204      0.054981
   4.208      0.054645
   4.212      0.054311
   4.216      0.053978
   4.220      0.053646
   4.224      0.053314
   4.228      0.052984
   4.231      0.052655
   4.235      0.052327
   4.239      0.052000
   4.243      0.051674
   4.247      0.051349
   4.251      0.051025
   4.255      0.050702
   4.259      0.050380
   4.263      0.050059
   4.267      0.049739
   4.270      0.049420
   4.274      0.049102
   4.278      0.048785
   4.282      0.048468
   4.286      0.048153
   4.290      0.047839
   4.294      0.047526
   4.298      0.047214
   4.302      0.046902
   4.306      0.046592
   4.309      0.046282
   4.313      0.045974
   4.317      0.045666
   4.321      0.045359
   4.325      0.045054
   4.329      0.044749
   4.333      0.044445
   4.337      0.044142
   4.341      0.043840
   4.345      0.043538
   4.348      0.043238
   4.352      0.042939
   4.356      0.042640
   4.360      0.042342
   4.364      0.042045
   4.368      0.041749
   4.372      0.041454
   4.376      0.041160
   4.380      0.040867
   4.384      0.040574
   4.387      0.040283
   4.391      0.039992
   4.395      0.039702
   4.399      0.039413
   4.403      0.039124
   4.407      0.038837
   4.411      0.038550
   4.415      0.038264
   4.419      0.037979
   4.423      0.037695
   4.426      0.037411
   4.430      0.037129
   4.434      0.036847
   4.438      0.036566
   4.442      0.036286
   4.446      0.036006
   4.450      0.035728
   4.454      0.035450
   4.458      0.035173
   4.462      0.034896
   4.465      0.034621
   4.469      0.034346
   4.473      0.034072
   4.477      0.033798
   4.481      0.033526
   4.485      0.033254
   4.489      0.032983
   4.493      0.032713
   4.497      0.032443
   4.501      0.032174
   4.504      0.031906
   4.508      0.031639
   4.512      0.031372
   4.516      0.031106
   4.520      0.030841
   4.524      0.030576
   4.528      0.030313
   4.532      0.030049
   4.536      0.029787
   4.540      0.029525
   4.543      0.029264
   4.547      0.029004
   4.551      0.028744
   4.555      0.028485
   4.559      0.028227
   4.563      0.027969
   4.567      0.027712
   4.571      0.027456
   4.575      0.027200
   4.579      0.026945
   4.582      0.026691
   4.586      0.026437
   4.590      0.026184
   4.594      0.025932
   4.598      0.025680
   4.602      0.025429
   4.606      0.025179
   4.610      0.024929
   4.614      0.024680
   4.618      0.024431
   4.621      0.024183
   4.625      0.023936
   4.629      0.023689
   4.633      0.023443
   4.637      0.023197
   4.641      0.022953
   4.645      0.022708
   4.649      0.022465
   4.653      0.022222
   4.657      0.021979
   4.660      0.021737
   4.664      0.021496
   4.668      0.021255
   4.672      0.021015
   4.676      0.020775
   4.680      0.020536
   4.684      0.020298
   4.688      0.020060
   4.692      0.019823
   4.696      0.019586
   4.699      0.019350
   4.703      0.019114
   4.707      0.018879
   4.711      0.018644
   4.715      0.018410
   4.719      0.018177
   4.723      0.017944
   4.727      0.017711
   4.731      0.017480
   4.735      0.017248
   4.738      0.017017
   4.742      0.016787
   4.746      0.016557
   4.750      0.016328
   4.754      0.016099
   4.758      0.015871
   4.762      0.015643
   4.766      0.015416
   4.770      0.015189
   4.774      0.014963
   4.777      0.014737
   4.781      0.014512
   4.785      0.014287
   4.789      0.014063
   4.793      0.013839
   4.797      0.013616
   4.801      0.013393
   4.805      0.013171
   4.809      0.012949
   4.813      0.012728
   4.816      0.012507
   4.820      0.012286
   4.824      0.012066
   4.828      0.011847
   4.832      0.011628
   4.836      0.011409
   4.840      0.011191
   4.844      0.010973
   4.848      0.010756
   4.852      0.010539
   4.855      0.010322
   4.859      0.010106
   4.863      0.009891
   4.867      0.009676
   4.871      0.009461
   4.875      0.009247
   4.879      0.009033
   4.883      0.008819
   4.887      0.008606
   4.891      0.008394
   4.894      0.008182
   4.898      0.007970
   4.902      0.007758
   4.906      0.007547
   4.910      0.007337
   4.914      0.007127
   4.918      0.006917
   4.922      0.006707
   4.926      0.006498
   4.930      0.006290
   4.933      0.006082
   4.937      0.005874
   4.941      0.005666
   4.945      0.005459
   4.949      0.005252
   4.953      0.005046
   4.957      0.004840
   4.961      0.004634
   4.965      0.004429
   4.969      0.004224
   4.972      0.004020
   4.976      0.003815
   4.980      0.003612
   4.984      0.003408
   4.988      0.003205
   4.992      0.003002
   4.996      0.002800
   5.000      0.002598
   5.004      0.002396
   5.008      0.002194
   5.011      0.001993
   5.015      0.001793
   5.019      0.001592
   5.023      0.001392
   5.027      0.001192
   5.031      0.000993
   5.035      0.000794
   5.039      0.000595
   5.043      0.000396
   5.047      0.000198
   5.050      0.000000
