   0.000   -298.090220
   0.003   -370.459516
   0.005   -184.730084
   0.008   -122.517010
   0.011    -91.410612
   0.013    -72.746921
   0.016    -60.304611
   0.019    -51.417401
   0.021    -44.752150
   0.024    -39.568223
   0.027    -35.421238
   0.029    -32.028408
   0.032    -29.201207
   0.035    -26.809116
   0.038    -24.758908
   0.040    -22.982216
   0.043    -21.427765
   0.046    -20.056344
   0.048    -18.837455
   0.051    -17.747021
   0.054    -16.765781
   0.056    -15.878141
   0.059    -15.071343
   0.062    -14.334848
   0.064    -13.659873
   0.067    -13.039040
   0.070    -12.466107
   0.072    -11.935754
   0.075    -11.443425
   0.078    -10.985188
   0.080    -10.557638
   0.083    -10.157809
   0.086     -9.783105
   0.088     -9.431244
   0.091     -9.100214
   0.094     -8.788232
   0.096     -8.493712
   0.099     -8.215242
   0.102     -7.951557
   0.104     -7.701520
   0.107     -7.464111
   0.110     -7.238408
   0.113     -7.023576
   0.115     -6.818858
   0.118     -6.623567
   0.121     -6.437075
   0.123     -6.258810
   0.126     -6.088248
   0.129     -5.924910
   0.131     -5.768354
   0.134     -5.618174
   0.137     -5.473997
   0.139     -5.335477
   0.142     -5.202296
   0.145     -5.074156
   0.147     -4.950785
   0.150     -4.831928
   0.153     -4.717349
   0.155     -4.606825
   0.158     -4.500153
   0.161     -4.397141
   0.163     -4.297608
   0.166     -4.201388
   0.169     -4.108323
   0.171     -4.018265
   0.174     -3.931078
   0.177     -3.846630
   0.179     -3.764800
   0.182     -3.685472
   0.185     -3.608538
   0.188     -3.533897
   0.190     -3.461451
   0.193     -3.391109
   0.196     -3.322786
   0.198     -3.256400
   0.201     -3.191873
   0.204     -3.129133
   0.206     -3.068110
   0.209     -3.008739
   0.212     -2.950956
   0.214     -2.894704
   0.217     -2.839924
   0.220     -2.786564
   0.222     -2.734573
   0.225     -2.683901
   0.228     -2.634502
   0.230     -2.586332
   0.233     -2.539349
   0.236     -2.493513
   0.238     -2.448784
   0.241     -2.405126
   0.244     -2.362504
   0.246     -2.320885
   0.249     -2.280235
   0.252     -2.240524
   0.255     -2.201723
   0.257     -2.163802
   0.260     -2.126735
   0.263     -2.090496
   0.265     -2.055060
   0.268     -2.020402
   0.271     -1.986500
   0.273     -1.953331
   0.276     -1.920873
   0.279     -1.889107
   0.281     -1.858013
   0.284     -1.827571
   0.287     -1.797763
   0.289     -1.768572
   0.292     -1.739980
   0.295     -1.711971
   0.297     -1.684530
   0.300     -1.657641
   0.303     -1.631289
   0.305     -1.605460
   0.308     -1.580140
   0.311     -1.555317
   0.313     -1.530977
   0.316     -1.507108
   0.319     -1.483698
   0.321     -1.460736
   0.324     -1.438210
   0.327     -1.416110
   0.330     -1.394424
   0.332     -1.373143
   0.335     -1.352258
   0.338     -1.331758
   0.340     -1.311634
   0.343     -1.291878
   0.346     -1.272480
   0.348     -1.253433
   0.351     -1.234728
   0.354     -1.216358
   0.356     -1.198314
   0.359     -1.180589
   0.362     -1.163177
   0.364     -1.146069
   0.367     -1.129260
   0.370     -1.112743
   0.372     -1.096510
   0.375     -1.080557
   0.378     -1.064877
   0.380     -1.049463
   0.383     -1.034311
   0.386     -1.019415
   0.388     -1.004769
   0.391     -0.990368
   0.394     -0.976207
   0.396     -0.962280
   0.399     -0.948584
   0.402     -0.935113
   0.405     -0.921863
   0.407     -0.908829
   0.410     -0.896007
   0.413     -0.883393
   0.415     -0.870982
   0.418     -0.858770
   0.421     -0.846754
   0.423     -0.834930
   0.426     -0.823293
   0.429     -0.811840
   0.431     -0.800568
   0.434     -0.789473
   0.437     -0.778552
   0.439     -0.767802
   0.442     -0.757218
   0.445     -0.746799
   0.447     -0.736540
   0.450     -0.726440
   0.453     -0.716494
   0.455     -0.706701
   0.458     -0.697057
   0.461     -0.687560
   0.463     -0.678206
   0.466     -0.668994
   0.469     -0.659920
   0.471     -0.650983
   0.474     -0.642180
   0.477     -0.633508
   0.480     -0.624965
   0.482     -0.616548
   0.485     -0.608257
   0.488     -0.600088
   0.490     -0.592038
   0.493     -0.584108
   0.496     -0.576293
   0.498     -0.568592
   0.501     -0.561004
   0.504     -0.553525
   0.506     -0.546155
   0.509     -0.538892
   0.512     -0.531733
   0.514     -0.524677
   0.517     -0.517723
   0.520     -0.510867
   0.522     -0.504110
   0.525     -0.497449
   0.528     -0.490883
   0.530     -0.484409
   0.533     -0.478028
   0.536     -0.471736
   0.538     -0.465533
   0.541     -0.459417
   0.544     -0.453387
   0.547     -0.447441
   0.549     -0.441578
   0.552     -0.435797
   0.555     -0.430096
   0.557     -0.424475
   0.560     -0.418931
   0.563     -0.413464
   0.565     -0.408072
   0.568     -0.402755
   0.571     -0.397510
   0.573     -0.392338
   0.576     -0.387236
   0.579     -0.382204
   0.581     -0.377241
   0.584     -0.372345
   0.587     -0.367516
   0.589     -0.362752
   0.592     -0.358053
   0.595     -0.353417
   0.597     -0.348844
   0.600     -0.344333
   0.603     -0.339882
   0.605     -0.335492
   0.608     -0.331160
   0.611     -0.326886
   0.613     -0.322669
   0.616     -0.318508
   0.619     -0.314403
   0.622     -0.310353
   0.624     -0.306357
   0.627     -0.302413
   0.630     -0.298522
   0.632     -0.294682
   0.635     -0.290893
   0.638     -0.287154
   0.640     -0.283465
   0.643     -0.279824
   0.646     -0.276231
   0.648     -0.272685
   0.651     -0.269185
   0.654     -0.265731
   0.656     -0.262323
   0.659     -0.258959
   0.662     -0.255639
   0.664     -0.252362
   0.667     -0.249128
   0.670     -0.245936
   0.672     -0.242785
   0.675     -0.239676
   0.678     -0.236606
   0.680     -0.233577
   0.683     -0.230586
   0.686     -0.227635
   0.688     -0.224721
   0.691     -0.221845
   0.694     -0.219006
   0.697     -0.216203
   0.699     -0.213437
   0.702     -0.210706
   0.705     -0.208010
   0.707     -0.205348
   0.710     -0.202721
   0.713     -0.200127
   0.715     -0.197567
   0.718     -0.195039
   0.721     -0.192544
   0.723     -0.190080
   0.726     -0.187648
   0.729     -0.185247
   0.731     -0.182876
   0.734     -0.180535
   0.737     -0.178224
   0.739     -0.175943
   0.742     -0.173690
   0.745     -0.171466
   0.747     -0.169271
   0.750     -0.167103
   0.753     -0.164962
   0.755     -0.162849
   0.758     -0.160762
   0.761     -0.158701
   0.764     -0.156667
   0.766     -0.154658
   0.769     -0.152675
   0.772     -0.150716
   0.774     -0.148782
   0.777     -0.146873
   0.780     -0.144988
   0.782     -0.143126
   0.785     -0.141287
   0.788     -0.139472
   0.790     -0.137680
   0.793     -0.135910
   0.796     -0.134162
   0.798     -0.132436
   0.801     -0.130732
   0.804     -0.129049
   0.806     -0.127387
   0.809     -0.125746
   0.812     -0.124126
   0.814     -0.122525
   0.817     -0.120945
   0.820     -0.119385
   0.822     -0.117844
   0.825     -0.116322
   0.828     -0.114819
   0.830     -0.113335
   0.833     -0.111870
   0.836     -0.110423
   0.839     -0.108994
   0.841     -0.107583
   0.844     -0.106189
   0.847     -0.104813
   0.849     -0.103453
   0.852     -0.102111
   0.855     -0.100786
   0.857     -0.099477
   0.860     -0.098184
   0.863     -0.096907
   0.865     -0.095647
   0.868     -0.094402
   0.871     -0.093172
   0.873     -0.091958
   0.876     -0.090759
   0.879     -0.089575
   0.881     -0.088405
   0.884     -0.087250
   0.887     -0.086110
   0.889     -0.084983
   0.892     -0.083871
   0.895     -0.082772
   0.897     -0.081688
   0.900     -0.080616
   0.903     -0.079558
   0.905     -0.078513
   0.908     -0.077481
   0.911     -0.076462
   0.914     -0.075456
   0.916     -0.074462
   0.919     -0.073481
   0.922     -0.072511
   0.924     -0.071554
   0.927     -0.070609
   0.930     -0.069675
   0.932     -0.068754
   0.935     -0.067843
   0.938     -0.066944
   0.940     -0.066056
   0.943     -0.065179
   0.946     -0.064313
   0.948     -0.063458
   0.951     -0.062614
   0.954     -0.061780
   0.956     -0.060956
   0.959     -0.060143
   0.962     -0.059340
   0.964     -0.058547
   0.967     -0.057764
   0.970     -0.056990
   0.972     -0.056227
   0.975     -0.055472
   0.978     -0.054728
   0.980     -0.053992
   0.983     -0.053266
   0.986     -0.052549
   0.989     -0.051840
   0.991     -0.051141
   0.994     -0.050451
   0.997     -0.049769
   0.999     -0.049095
   1.002     -0.048430
   1.005     -0.047774
   1.007     -0.047125
   1.010     -0.046485
   1.013     -0.045853
   1.015     -0.045228
   1.018     -0.044612
   1.021     -0.044003
   1.023     -0.043402
   1.026     -0.042809
   1.029     -0.042223
   1.031     -0.041644
   1.034     -0.041073
   1.037     -0.040509
   1.039     -0.039952
   1.042     -0.039402
   1.045     -0.038859
   1.047     -0.038323
   1.050     -0.037793
   1.053     -0.037271
   1.056     -0.036755
   1.058     -0.036245
   1.061     -0.035742
   1.064     -0.035245
   1.066     -0.034755
   1.069     -0.034271
   1.072     -0.033793
   1.074     -0.033321
   1.077     -0.032855
   1.080     -0.032395
   1.082     -0.031941
   1.085     -0.031493
   1.088     -0.031050
   1.090     -0.030613
   1.093     -0.030182
   1.096     -0.029756
   1.098     -0.029336
   1.101     -0.028921
   1.104     -0.028511
   1.106     -0.028106
   1.109     -0.027707
   1.112     -0.027313
   1.114     -0.026924
   1.117     -0.026540
   1.120     -0.026161
   1.122     -0.025787
   1.125     -0.025417
   1.128     -0.025053
   1.131     -0.024693
   1.133     -0.024337
   1.136     -0.023987
   1.139     -0.023641
   1.141     -0.023299
   1.144     -0.022962
   1.147     -0.022629
   1.149     -0.022301
   1.152     -0.021976
   1.155     -0.021656
   1.157     -0.021341
   1.160     -0.021029
   1.163     -0.020721
   1.165     -0.020418
   1.168     -0.020118
   1.171     -0.019823
   1.173     -0.019531
   1.176     -0.019243
   1.179     -0.018959
   1.181     -0.018678
   1.184     -0.018402
   1.187     -0.018128
   1.189     -0.017859
   1.192     -0.017593
   1.195     -0.017331
   1.197     -0.017072
   1.200     -0.016816
   1.203     -0.016564
   1.206     -0.016315
   1.208     -0.016070
   1.211     -0.015828
   1.214     -0.015589
   1.216     -0.015353
   1.219     -0.015121
   1.222     -0.014891
   1.224     -0.014665
   1.227     -0.014442
   1.230     -0.014221
   1.232     -0.014004
   1.235     -0.013789
   1.238     -0.013578
   1.240     -0.013369
   1.243     -0.013163
   1.246     -0.012960
   1.248     -0.012760
   1.251     -0.012562
   1.254     -0.012367
   1.256     -0.012175
   1.259     -0.011986
   1.262     -0.011798
   1.264     -0.011614
   1.267     -0.011432
   1.270     -0.011253
   1.273     -0.011076
   1.275     -0.010901
   1.278     -0.010729
   1.281     -0.010559
   1.283     -0.010392
   1.286     -0.010227
   1.289     -0.010064
   1.291     -0.009903
   1.294     -0.009745
   1.297     -0.009589
   1.299     -0.009435
   1.302     -0.009283
   1.305     -0.009133
   1.307     -0.008986
   1.310     -0.008840
   1.313     -0.008697
   1.315     -0.008556
   1.318     -0.008416
   1.321     -0.008279
   1.323     -0.008143
   1.326     -0.008010
   1.329     -0.007878
   1.331     -0.007748
   1.334     -0.007620
   1.337     -0.007494
   1.339     -0.007370
   1.342     -0.007247
   1.345     -0.007126
   1.348     -0.007007
   1.350     -0.006890
   1.353     -0.006774
   1.356     -0.006660
   1.358     -0.006548
   1.361     -0.006437
   1.364     -0.006328
   1.366     -0.006221
   1.369     -0.006115
   1.372     -0.006010
   1.374     -0.005907
   1.377     -0.005806
   1.380     -0.005706
   1.382     -0.005608
   1.385     -0.005511
   1.388     -0.005415
   1.390     -0.005321
   1.393     -0.005229
   1.396     -0.005137
   1.398     -0.005047
   1.401     -0.004959
   1.404     -0.004871
   1.406     -0.004786
   1.409     -0.004701
   1.412     -0.004617
   1.414     -0.004535
   1.417     -0.004454
   1.420     -0.004375
   1.423     -0.004296
   1.425     -0.004219
   1.428     -0.004143
   1.431     -0.004068
   1.433     -0.003994
   1.436     -0.003922
   1.439     -0.003850
   1.441     -0.003780
   1.444     -0.003711
   1.447     -0.003642
   1.449     -0.003575
   1.452     -0.003509
   1.455     -0.003444
   1.457     -0.003380
   1.460     -0.003317
   1.463     -0.003255
   1.465     -0.003194
   1.468     -0.003134
   1.471     -0.003074
   1.473     -0.003016
   1.476     -0.002959
   1.479     -0.002903
   1.481     -0.002847
   1.484     -0.002792
   1.487     -0.002739
   1.490     -0.002686
   1.492     -0.002634
   1.495     -0.002583
   1.498     -0.002532
   1.500     -0.002483
   1.503     -0.002434
   1.506     -0.002386
   1.508     -0.002339
   1.511     -0.002293
   1.514     -0.002247
   1.516     -0.002203
   1.519     -0.002159
   1.522     -0.002115
   1.524     -0.002073
   1.527     -0.002031
   1.530     -0.001990
   1.532     -0.001949
   1.535     -0.001910
   1.538     -0.001870
   1.540     -0.001832
   1.543     -0.001794
   1.546     -0.001757
   1.548     -0.001721
   1.551     -0.001685
   1.554     -0.001649
   1.556     -0.001615
   1.559     -0.001581
   1.562     -0.001547
   1.565     -0.001515
   1.567     -0.001482
   1.570     -0.001451
   1.573     -0.001419
   1.575     -0.001389
   1.578     -0.001359
   1.581     -0.001329
   1.583     -0.001300
   1.586     -0.001272
   1.589     -0.001244
   1.591     -0.001216
   1.594     -0.001189
   1.597     -0.001163
   1.599     -0.001137
   1.602     -0.001112
   1.605     -0.001087
   1.607     -0.001062
   1.610     -0.001038
   1.613     -0.001014
   1.615     -0.000991
   1.618     -0.000968
   1.621     -0.000946
   1.623     -0.000924
   1.626     -0.000903
   1.629     -0.000881
   1.631     -0.000861
   1.634     -0.000840
   1.637     -0.000821
   1.640     -0.000801
   1.642     -0.000782
   1.645     -0.000763
   1.648     -0.000745
   1.650     -0.000727
   1.653     -0.000709
   1.656     -0.000692
   1.658     -0.000675
   1.661     -0.000658
   1.664     -0.000642
   1.666     -0.000626
   1.669     -0.000610
   1.672     -0.000595
   1.674     -0.000580
   1.677     -0.000565
   1.680     -0.000551
   1.682     -0.000537
   1.685     -0.000523
   1.688     -0.000509
   1.690     -0.000496
   1.693     -0.000483
   1.696     -0.000470
   1.698     -0.000458
   1.701     -0.000446
   1.704     -0.000434
   1.706     -0.000422
   1.709     -0.000411
   1.712     -0.000400
   1.715     -0.000389
   1.717     -0.000378
   1.720     -0.000368
   1.723     -0.000358
   1.725     -0.000348
   1.728     -0.000338
   1.731     -0.000328
   1.733     -0.000319
   1.736     -0.000310
   1.739     -0.000301
   1.741     -0.000292
   1.744     -0.000284
   1.747     -0.000276
   1.749     -0.000268
   1.752     -0.000260
   1.755     -0.000252
   1.757     -0.000244
   1.760     -0.000237
   1.763     -0.000230
   1.765     -0.000223
   1.768     -0.000216
   1.771     -0.000209
   1.773     -0.000203
   1.776     -0.000197
   1.779     -0.000190
   1.782     -0.000184
   1.784     -0.000178
   1.787     -0.000173
   1.790     -0.000167
   1.792     -0.000162
   1.795     -0.000156
   1.798     -0.000151
   1.800     -0.000146
   1.803     -0.000141
   1.806     -0.000137
   1.808     -0.000132
   1.811     -0.000128
   1.814     -0.000123
   1.816     -0.000119
   1.819     -0.000115
   1.822     -0.000111
   1.824     -0.000107
   1.827     -0.000103
   1.830     -0.000099
   1.832     -0.000096
   1.835     -0.000092
   1.838     -0.000089
   1.840     -0.000086
   1.843     -0.000082
   1.846     -0.000079
   1.848     -0.000076
   1.851     -0.000073
   1.854     -0.000070
   1.857     -0.000068
   1.859     -0.000065
   1.862     -0.000063
   1.865     -0.000060
   1.867     -0.000058
   1.870     -0.000055
   1.873     -0.000053
   1.875     -0.000051
   1.878     -0.000049
   1.881     -0.000047
   1.883     -0.000045
   1.886     -0.000043
   1.889     -0.000041
   1.891     -0.000039
   1.894     -0.000037
   1.897     -0.000036
   1.899     -0.000034
   1.902     -0.000033
   1.905     -0.000031
   1.907     -0.000030
   1.910     -0.000028
   1.913     -0.000027
   1.915     -0.000026
   1.918     -0.000024
   1.921     -0.000023
   1.923     -0.000022
   1.926     -0.000021
   1.929     -0.000020
   1.932     -0.000019
   1.934     -0.000018
   1.937     -0.000017
   1.940     -0.000016
   1.942     -0.000015
   1.945     -0.000014
   1.948     -0.000014
   1.950     -0.000013
   1.953     -0.000012
   1.956     -0.000011
   1.958     -0.000011
   1.961     -0.000010
   1.964     -0.000009
   1.966     -0.000009
   1.969     -0.000008
   1.972     -0.000008
   1.974     -0.000007
   1.977     -0.000007
   1.980     -0.000006
   1.982     -0.000006
   1.985     -0.000006
   1.988     -0.000005
   1.990     -0.000005
   1.993     -0.000004
   1.996     -0.000004
   1.999     -0.000004
   2.001     -0.000004
   2.004     -0.000003
   2.007     -0.000003
   2.009     -0.000003
   2.012     -0.000003
   2.015     -0.000002
   2.017     -0.000002
   2.020     -0.000002
   2.023     -0.000002
   2.025     -0.000002
   2.028     -0.000001
   2.031     -0.000001
   2.033     -0.000001
   2.036     -0.000001
   2.039     -0.000001
   2.041     -0.000001
   2.044     -0.000001
   2.047     -0.000001
   2.049     -0.000001
   2.052     -0.000001
   2.055      0.000000
   2.057      0.000000
   2.060      0.000000
   2.063      0.000000
   2.065      0.000000
   2.068      0.000000
   2.071      0.000000
   2.074      0.000000
   2.076      0.000000
   2.079      0.000000
   2.082      0.000000
   2.084      0.000000
   2.087      0.000000
   2.090      0.000000
   2.092      0.000000
   2.095      0.000000
   2.098      0.000000
   2.100      0.000000
   2.103      0.000000
   2.106      0.000000
   2.108      0.000000
   2.111      0.000000
   2.114      0.000000
   2.116      0.000000
   2.119      0.000000
   2.122      0.000000
   2.124      0.000000
   2.127      0.000000
   2.130      0.000000
   2.132      0.000000
   2.135      0.000000
   2.138      0.000000
   2.140      0.000000
   2.143      0.000000
