   0.000      5.157714
   0.003      5.146225
   0.005      5.134737
   0.008      5.121779
   0.011      5.108411
   0.013      5.094901
   0.016      5.081337
   0.019      5.067757
   0.022      5.054182
   0.024      5.040620
   0.027      5.027080
   0.030      5.013564
   0.032      5.000076
   0.035      4.986617
   0.038      4.973189
   0.041      4.959792
   0.043      4.946428
   0.046      4.933097
   0.049      4.919799
   0.051      4.906534
   0.054      4.893303
   0.057      4.880106
   0.059      4.866943
   0.062      4.853814
   0.065      4.840720
   0.068      4.827659
   0.070      4.814633
   0.073      4.801641
   0.076      4.788684
   0.078      4.775761
   0.081      4.762872
   0.084      4.750018
   0.086      4.737197
   0.089      4.724411
   0.092      4.711659
   0.094      4.698942
   0.097      4.686258
   0.100      4.673609
   0.103      4.660993
   0.105      4.648412
   0.108      4.635864
   0.111      4.623351
   0.113      4.610871
   0.116      4.598425
   0.119      4.586012
   0.121      4.573634
   0.124      4.561289
   0.127      4.548977
   0.130      4.536699
   0.132      4.524454
   0.135      4.512243
   0.138      4.500065
   0.140      4.487920
   0.143      4.475809
   0.146      4.463730
   0.148      4.451685
   0.151      4.439672
   0.154      4.427693
   0.157      4.415746
   0.159      4.403832
   0.162      4.391951
   0.165      4.380102
   0.167      4.368286
   0.170      4.356503
   0.173      4.344752
   0.176      4.333033
   0.178      4.321346
   0.181      4.309692
   0.184      4.298070
   0.186      4.286480
   0.189      4.274922
   0.192      4.263396
   0.194      4.251901
   0.197      4.240439
   0.200      4.229008
   0.203      4.217609
   0.205      4.206242
   0.208      4.194906
   0.211      4.183601
   0.213      4.172328
   0.216      4.161086
   0.219      4.149875
   0.221      4.138695
   0.224      4.127547
   0.227      4.116429
   0.230      4.105343
   0.232      4.094287
   0.235      4.083262
   0.238      4.072268
   0.240      4.061304
   0.243      4.050371
   0.246      4.039468
   0.248      4.028596
   0.251      4.017754
   0.254      4.006943
   0.257      3.996161
   0.259      3.985410
   0.262      3.974689
   0.265      3.963997
   0.267      3.953336
   0.270      3.942704
   0.273      3.932102
   0.275      3.921530
   0.278      3.910987
   0.281      3.900474
   0.283      3.889991
   0.286      3.879536
   0.289      3.869111
   0.292      3.858715
   0.294      3.848349
   0.297      3.838011
   0.300      3.827702
   0.302      3.817423
   0.305      3.807172
   0.308      3.796950
   0.310      3.786756
   0.313      3.776592
   0.316      3.766455
   0.319      3.756348
   0.321      3.746268
   0.324      3.736217
   0.327      3.726194
   0.329      3.716200
   0.332      3.706233
   0.335      3.696295
   0.337      3.686384
   0.340      3.676502
   0.343      3.666647
   0.346      3.656819
   0.348      3.647020
   0.351      3.637248
   0.354      3.627504
   0.356      3.617787
   0.359      3.608097
   0.362      3.598435
   0.364      3.588800
   0.367      3.579192
   0.370      3.569611
   0.373      3.560057
   0.375      3.550530
   0.378      3.541030
   0.381      3.531556
   0.383      3.522109
   0.386      3.512689
   0.389      3.503296
   0.391      3.493929
   0.394      3.484588
   0.397      3.475274
   0.400      3.465986
   0.402      3.456724
   0.405      3.447488
   0.408      3.438278
   0.410      3.429094
   0.413      3.419937
   0.416      3.410805
   0.418      3.401698
   0.421      3.392618
   0.424      3.383563
   0.427      3.374533
   0.429      3.365529
   0.432      3.356550
   0.435      3.347597
   0.437      3.338669
   0.440      3.329766
   0.443      3.320888
   0.445      3.312036
   0.448      3.303208
   0.451      3.294405
   0.454      3.285627
   0.456      3.276874
   0.459      3.268145
   0.462      3.259441
   0.464      3.250762
   0.467      3.242107
   0.470      3.233476
   0.472      3.224870
   0.475      3.216288
   0.478      3.207730
   0.481      3.199196
   0.483      3.190687
   0.486      3.182201
   0.489      3.173739
   0.491      3.165301
   0.494      3.156887
   0.497      3.148497
   0.499      3.140130
   0.502      3.131787
   0.505      3.123467
   0.508      3.115171
   0.510      3.106898
   0.513      3.098648
   0.516      3.090422
   0.518      3.082219
   0.521      3.074039
   0.524      3.065881
   0.526      3.057747
   0.529      3.049636
   0.532      3.041548
   0.535      3.033482
   0.537      3.025439
   0.540      3.017419
   0.543      3.009421
   0.545      3.001445
   0.548      2.993493
   0.551      2.985562
   0.553      2.977654
   0.556      2.969768
   0.559      2.961904
   0.562      2.954062
   0.564      2.946243
   0.567      2.938445
   0.570      2.930669
   0.572      2.922915
   0.575      2.915183
   0.578      2.907472
   0.580      2.899783
   0.583      2.892116
   0.586      2.884470
   0.589      2.876846
   0.591      2.869243
   0.594      2.861661
   0.597      2.854101
   0.599      2.846562
   0.602      2.839044
   0.605      2.831547
   0.607      2.824071
   0.610      2.816616
   0.613      2.809182
   0.616      2.801768
   0.618      2.794376
   0.621      2.787004
   0.624      2.779653
   0.626      2.772322
   0.629      2.765012
   0.632      2.757722
   0.635      2.750453
   0.637      2.743204
   0.640      2.735975
   0.643      2.728767
   0.645      2.721578
   0.648      2.714410
   0.651      2.707262
   0.653      2.700133
   0.656      2.693025
   0.659      2.685936
   0.662      2.678867
   0.664      2.671818
   0.667      2.664789
   0.670      2.657779
   0.672      2.650789
   0.675      2.643818
   0.678      2.636867
   0.680      2.629935
   0.683      2.623022
   0.686      2.616129
   0.689      2.609254
   0.691      2.602399
   0.694      2.595563
   0.697      2.588746
   0.699      2.581948
   0.702      2.575169
   0.705      2.568408
   0.707      2.561667
   0.710      2.554944
   0.713      2.548240
   0.716      2.541555
   0.718      2.534888
   0.721      2.528239
   0.724      2.521609
   0.726      2.514998
   0.729      2.508404
   0.732      2.501829
   0.734      2.495272
   0.737      2.488734
   0.740      2.482213
   0.743      2.475711
   0.745      2.469227
   0.748      2.462760
   0.751      2.456311
   0.753      2.449881
   0.756      2.443468
   0.759      2.437073
   0.761      2.430695
   0.764      2.424335
   0.767      2.417993
   0.770      2.411668
   0.772      2.405361
   0.775      2.399071
   0.778      2.392798
   0.780      2.386543
   0.783      2.380305
   0.786      2.374084
   0.788      2.367880
   0.791      2.361693
   0.794      2.355524
   0.797      2.349371
   0.799      2.343236
   0.802      2.337117
   0.805      2.331015
   0.807      2.324930
   0.810      2.318861
   0.813      2.312809
   0.815      2.306774
   0.818      2.300756
   0.821      2.294754
   0.824      2.288768
   0.826      2.282799
   0.829      2.276846
   0.832      2.270910
   0.834      2.264990
   0.837      2.259086
   0.840      2.253198
   0.842      2.247327
   0.845      2.241471
   0.848      2.235632
   0.851      2.229808
   0.853      2.224000
   0.856      2.218209
   0.859      2.212433
   0.861      2.206673
   0.864      2.200928
   0.867      2.195200
   0.869      2.189487
   0.872      2.183789
   0.875      2.178107
   0.878      2.172441
   0.880      2.166790
   0.883      2.161154
   0.886      2.155534
   0.888      2.149929
   0.891      2.144340
   0.894      2.138765
   0.896      2.133206
   0.899      2.127662
   0.902      2.122133
   0.905      2.116619
   0.907      2.111120
   0.910      2.105636
   0.913      2.100167
   0.915      2.094712
   0.918      2.089273
   0.921      2.083848
   0.923      2.078438
   0.926      2.073043
   0.929      2.067662
   0.932      2.062296
   0.934      2.056944
   0.937      2.051607
   0.940      2.046284
   0.942      2.040976
   0.945      2.035682
   0.948      2.030402
   0.950      2.025136
   0.953      2.019885
   0.956      2.014648
   0.959      2.009425
   0.961      2.004217
   0.964      1.999022
   0.967      1.993841
   0.969      1.988674
   0.972      1.983521
   0.975      1.978383
   0.977      1.973257
   0.980      1.968146
   0.983      1.963049
   0.986      1.957965
   0.988      1.952894
   0.991      1.947838
   0.994      1.942795
   0.996      1.937765
   0.999      1.932750
   1.002      1.927747
   1.004      1.922758
   1.007      1.917782
   1.010      1.912820
   1.013      1.907871
   1.015      1.902935
   1.018      1.898013
   1.021      1.893103
   1.023      1.888207
   1.026      1.883324
   1.029      1.878454
   1.031      1.873597
   1.034      1.868753
   1.037      1.863922
   1.040      1.859103
   1.042      1.854298
   1.045      1.849506
   1.048      1.844726
   1.050      1.839959
   1.053      1.835204
   1.056      1.830463
   1.058      1.825734
   1.061      1.821017
   1.064      1.816313
   1.067      1.811622
   1.069      1.806943
   1.072      1.802277
   1.075      1.797623
   1.077      1.792981
   1.080      1.788352
   1.083      1.783735
   1.085      1.779130
   1.088      1.774537
   1.091      1.769957
   1.094      1.765388
   1.096      1.760832
   1.099      1.756288
   1.102      1.751756
   1.104      1.747236
   1.107      1.742728
   1.110      1.738231
   1.112      1.733747
   1.115      1.729275
   1.118      1.724814
   1.121      1.720365
   1.123      1.715928
   1.126      1.711502
   1.129      1.707089
   1.131      1.702686
   1.134      1.698296
   1.137      1.693917
   1.139      1.689550
   1.142      1.685194
   1.145      1.680849
   1.148      1.676516
   1.150      1.672194
   1.153      1.667884
   1.156      1.663585
   1.158      1.659297
   1.161      1.655021
   1.164      1.650756
   1.166      1.646502
   1.169      1.642259
   1.172      1.638027
   1.175      1.633806
   1.177      1.629597
   1.180      1.625398
   1.183      1.621211
   1.185      1.617034
   1.188      1.612868
   1.191      1.608713
   1.193      1.604569
   1.196      1.600436
   1.199      1.596314
   1.201      1.592202
   1.204      1.588101
   1.207      1.584011
   1.210      1.579932
   1.212      1.575863
   1.215      1.571805
   1.218      1.567757
   1.220      1.563720
   1.223      1.559693
   1.226      1.555677
   1.228      1.551671
   1.231      1.547676
   1.234      1.543691
   1.237      1.539716
   1.239      1.535752
   1.242      1.531798
   1.245      1.527854
   1.247      1.523921
   1.250      1.519997
   1.253      1.516084
   1.255      1.512181
   1.258      1.508288
   1.261      1.504405
   1.264      1.500533
   1.266      1.496670
   1.269      1.492817
   1.272      1.488974
   1.274      1.485141
   1.277      1.481318
   1.280      1.477505
   1.282      1.473702
   1.285      1.469908
   1.288      1.466125
   1.291      1.462351
   1.293      1.458586
   1.296      1.454832
   1.299      1.451087
   1.301      1.447352
   1.304      1.443626
   1.307      1.439910
   1.309      1.436204
   1.312      1.432507
   1.315      1.428819
   1.318      1.425141
   1.320      1.421472
   1.323      1.417813
   1.326      1.414164
   1.328      1.410523
   1.331      1.406892
   1.334      1.403270
   1.336      1.399658
   1.339      1.396054
   1.342      1.392460
   1.345      1.388875
   1.347      1.385300
   1.350      1.381733
   1.353      1.378176
   1.355      1.374627
   1.358      1.371088
   1.361      1.367558
   1.363      1.364036
   1.366      1.360524
   1.369      1.357021
   1.372      1.353526
   1.374      1.350041
   1.377      1.346564
   1.380      1.343096
   1.382      1.339637
   1.385      1.336187
   1.388      1.332746
   1.390      1.329313
   1.393      1.325889
   1.396      1.322474
   1.399      1.319067
   1.401      1.315669
   1.404      1.312280
   1.407      1.308899
   1.409      1.305527
   1.412      1.302163
   1.415      1.298808
   1.417      1.295461
   1.420      1.292123
   1.423      1.288793
   1.426      1.285472
   1.428      1.282159
   1.431      1.278854
   1.434      1.275558
   1.436      1.272270
   1.439      1.268991
   1.442      1.265719
   1.444      1.262456
   1.447      1.259202
   1.450      1.255955
   1.453      1.252716
   1.455      1.249486
   1.458      1.246264
   1.461      1.243050
   1.463      1.239844
   1.466      1.236646
   1.469      1.233456
   1.471      1.230274
   1.474      1.227100
   1.477      1.223934
   1.480      1.220776
   1.482      1.217626
   1.485      1.214484
   1.488      1.211350
   1.490      1.208223
   1.493      1.205105
   1.496      1.201994
   1.498      1.198891
   1.501      1.195795
   1.504      1.192708
   1.507      1.189628
   1.509      1.186556
   1.512      1.183492
   1.515      1.180435
   1.517      1.177386
   1.520      1.174344
   1.523      1.171310
   1.525      1.168284
   1.528      1.165265
   1.531      1.162253
   1.534      1.159250
   1.536      1.156253
   1.539      1.153264
   1.542      1.150283
   1.544      1.147309
   1.547      1.144342
   1.550      1.141383
   1.552      1.138431
   1.555      1.135486
   1.558      1.132549
   1.561      1.129619
   1.563      1.126696
   1.566      1.123781
   1.569      1.120872
   1.571      1.117971
   1.574      1.115077
   1.577      1.112191
   1.579      1.109311
   1.582      1.106439
   1.585      1.103573
   1.588      1.100715
   1.590      1.097864
   1.593      1.095019
   1.596      1.092182
   1.598      1.089352
   1.601      1.086529
   1.604      1.083713
   1.606      1.080903
   1.609      1.078101
   1.612      1.075306
   1.615      1.072517
   1.617      1.069735
   1.620      1.066961
   1.623      1.064193
   1.625      1.061431
   1.628      1.058677
   1.631      1.055929
   1.633      1.053188
   1.636      1.050454
   1.639      1.047727
   1.642      1.045006
   1.644      1.042292
   1.647      1.039584
   1.650      1.036884
   1.652      1.034189
   1.655      1.031502
   1.658      1.028821
   1.660      1.026146
   1.663      1.023478
   1.666      1.020817
   1.669      1.018162
   1.671      1.015514
   1.674      1.012872
   1.677      1.010236
   1.679      1.007607
   1.682      1.004985
   1.685      1.002368
   1.687      0.999759
   1.690      0.997155
   1.693      0.994558
   1.696      0.991967
   1.698      0.989383
   1.701      0.986804
   1.704      0.984232
   1.706      0.981667
   1.709      0.979107
   1.712      0.976554
   1.714      0.974007
   1.717      0.971466
   1.720      0.968932
   1.723      0.966403
   1.725      0.963881
   1.728      0.961364
   1.731      0.958854
   1.733      0.956350
   1.736      0.953852
   1.739      0.951360
   1.741      0.948874
   1.744      0.946394
   1.747      0.943921
   1.750      0.941453
   1.752      0.938991
   1.755      0.936535
   1.758      0.934085
   1.760      0.931640
   1.763      0.929202
   1.766      0.926770
   1.768      0.924343
   1.771      0.921923
   1.774      0.919508
   1.777      0.917099
   1.779      0.914696
   1.782      0.912298
   1.785      0.909907
   1.787      0.907521
   1.790      0.905141
   1.793      0.902766
   1.795      0.900398
   1.798      0.898035
   1.801      0.895677
   1.804      0.893326
   1.806      0.890980
   1.809      0.888639
   1.812      0.886304
   1.814      0.883975
   1.817      0.881652
   1.820      0.879334
   1.822      0.877021
   1.825      0.874714
   1.828      0.872413
   1.831      0.870117
   1.833      0.867826
   1.836      0.865542
   1.839      0.863262
   1.841      0.860988
   1.844      0.858719
   1.847      0.856456
   1.849      0.854199
   1.852      0.851946
   1.855      0.849699
   1.858      0.847458
   1.860      0.845221
   1.863      0.842990
   1.866      0.840765
   1.868      0.838544
   1.871      0.836329
   1.874      0.834119
   1.876      0.831915
   1.879      0.829716
   1.882      0.827522
   1.885      0.825333
   1.887      0.823149
   1.890      0.820971
   1.893      0.818797
   1.895      0.816629
   1.898      0.814466
   1.901      0.812308
   1.903      0.810156
   1.906      0.808008
   1.909      0.805866
   1.912      0.803728
   1.914      0.801596
   1.917      0.799468
   1.920      0.797346
   1.922      0.795229
   1.925      0.793116
   1.928      0.791009
   1.930      0.788907
   1.933      0.786809
   1.936      0.784717
   1.939      0.782630
   1.941      0.780547
   1.944      0.778469
   1.947      0.776397
   1.949      0.774329
   1.952      0.772266
   1.955      0.770208
   1.957      0.768155
   1.960      0.766106
   1.963      0.764063
   1.966      0.762024
   1.968      0.759990
   1.971      0.757961
   1.974      0.755936
   1.976      0.753916
   1.979      0.751901
   1.982      0.749891
   1.984      0.747886
   1.987      0.745885
   1.990      0.743889
   1.993      0.741898
   1.995      0.739911
   1.998      0.737929
   2.001      0.735951
   2.003      0.733978
   2.006      0.732010
   2.009      0.730047
   2.011      0.728088
   2.014      0.726133
   2.017      0.724183
   2.020      0.722238
   2.022      0.720297
   2.025      0.718361
   2.028      0.716430
   2.030      0.714502
   2.033      0.712580
   2.036      0.710662
   2.038      0.708748
   2.041      0.706839
   2.044      0.704934
   2.047      0.703033
   2.049      0.701137
   2.052      0.699246
   2.055      0.697359
   2.057      0.695476
   2.060      0.693598
   2.063      0.691724
   2.065      0.689854
   2.068      0.687989
   2.071      0.686128
   2.074      0.684271
   2.076      0.682419
   2.079      0.680571
   2.082      0.678727
   2.084      0.676888
   2.087      0.675052
   2.090      0.673221
   2.092      0.671395
   2.095      0.669572
   2.098      0.667754
   2.101      0.665940
   2.103      0.664130
   2.106      0.662324
   2.109      0.660523
   2.111      0.658726
   2.114      0.656932
   2.117      0.655143
   2.119      0.653358
   2.122      0.651578
   2.125      0.649801
   2.128      0.648028
   2.130      0.646260
   2.133      0.644495
   2.136      0.642735
   2.138      0.640979
   2.141      0.639227
   2.144      0.637478
   2.146      0.635734
   2.149      0.633994
   2.152      0.632258
   2.155      0.630526
   2.157      0.628797
   2.160      0.627073
   2.163      0.625353
   2.165      0.623637
   2.168      0.621924
   2.171      0.620216
   2.173      0.618511
   2.176      0.616811
   2.179      0.615114
   2.182      0.613421
   2.184      0.611732
   2.187      0.610047
   2.190      0.608366
   2.192      0.606688
   2.195      0.605015
   2.198      0.603345
   2.200      0.601679
   2.203      0.600017
   2.206      0.598359
   2.209      0.596704
   2.211      0.595054
   2.214      0.593407
   2.217      0.591764
   2.219      0.590124
   2.222      0.588488
   2.225      0.586856
   2.227      0.585228
   2.230      0.583604
   2.233      0.581983
   2.236      0.580366
   2.238      0.578752
   2.241      0.577142
   2.244      0.575536
   2.246      0.573934
   2.249      0.572335
   2.252      0.570740
   2.254      0.569148
   2.257      0.567560
   2.260      0.565976
   2.263      0.564395
   2.265      0.562818
   2.268      0.561244
   2.271      0.559674
   2.273      0.558108
   2.276      0.556545
   2.279      0.554985
   2.281      0.553429
   2.284      0.551877
   2.287      0.550328
   2.290      0.548783
   2.292      0.547241
   2.295      0.545703
   2.298      0.544168
   2.300      0.542636
   2.303      0.541108
   2.306      0.539584
   2.308      0.538063
   2.311      0.536545
   2.314      0.535031
   2.317      0.533520
   2.319      0.532013
   2.322      0.530509
   2.325      0.529008
   2.327      0.527511
   2.330      0.526017
   2.333      0.524527
   2.335      0.523040
   2.338      0.521556
   2.341      0.520075
   2.344      0.518598
   2.346      0.517125
   2.349      0.515654
   2.352      0.514187
   2.354      0.512723
   2.357      0.511262
   2.360      0.509805
   2.362      0.508351
   2.365      0.506900
   2.368      0.505453
   2.371      0.504008
   2.373      0.502567
   2.376      0.501129
   2.379      0.499695
   2.381      0.498263
   2.384      0.496835
   2.387      0.495410
   2.389      0.493988
   2.392      0.492570
   2.395      0.491154
   2.398      0.489742
   2.400      0.488333
   2.403      0.486927
   2.406      0.485524
   2.408      0.484124
   2.411      0.482727
   2.414      0.481334
   2.416      0.479943
   2.419      0.478556
   2.422      0.477172
   2.425      0.475791
   2.427      0.474412
   2.430      0.473037
   2.433      0.471665
   2.435      0.470297
   2.438      0.468931
   2.441      0.467568
   2.443      0.466208
   2.446      0.464851
   2.449      0.463497
   2.452      0.462147
   2.454      0.460799
   2.457      0.459454
   2.460      0.458112
   2.462      0.456773
   2.465      0.455437
   2.468      0.454105
   2.470      0.452775
   2.473      0.451448
   2.476      0.450123
   2.479      0.448802
   2.481      0.447484
   2.484      0.446169
   2.487      0.444856
   2.489      0.443547
   2.492      0.442240
   2.495      0.440936
   2.497      0.439635
   2.500      0.438337
   2.503      0.437042
   2.506      0.435750
   2.508      0.434460
   2.511      0.433174
   2.514      0.431890
   2.516      0.430609
   2.519      0.429331
   2.522      0.428056
   2.524      0.426783
   2.527      0.425513
   2.530      0.424246
   2.533      0.422982
   2.535      0.421721
   2.538      0.420462
   2.541      0.419206
   2.543      0.417953
   2.546      0.416703
   2.549      0.415455
   2.551      0.414210
   2.554      0.412968
   2.557      0.411729
   2.560      0.410492
   2.562      0.409258
   2.565      0.408027
   2.568      0.406798
   2.570      0.405572
   2.573      0.404349
   2.576      0.403128
   2.578      0.401910
   2.581      0.400695
   2.584      0.399482
   2.587      0.398272
   2.589      0.397065
   2.592      0.395860
   2.595      0.394658
   2.597      0.393459
   2.600      0.392262
   2.603      0.391068
   2.605      0.389876
   2.608      0.388687
   2.611      0.387501
   2.614      0.386317
   2.616      0.385135
   2.619      0.383957
   2.622      0.382780
   2.624      0.381607
   2.627      0.380436
   2.630      0.379267
   2.632      0.378101
   2.635      0.376937
   2.638      0.375777
   2.641      0.374618
   2.643      0.373462
   2.646      0.372309
   2.649      0.371158
   2.651      0.370009
   2.654      0.368863
   2.657      0.367720
   2.659      0.366579
   2.662      0.365440
   2.665      0.364304
   2.668      0.363170
   2.670      0.362039
   2.673      0.360910
   2.676      0.359784
   2.678      0.358660
   2.681      0.357538
   2.684      0.356419
   2.686      0.355303
   2.689      0.354188
   2.692      0.353076
   2.695      0.351967
   2.697      0.350860
   2.700      0.349755
   2.703      0.348653
   2.705      0.347553
   2.708      0.346455
   2.711      0.345360
   2.713      0.344267
   2.716      0.343176
   2.719      0.342088
   2.722      0.341002
   2.724      0.339919
   2.727      0.338837
   2.730      0.337758
   2.732      0.336682
   2.735      0.335607
   2.738      0.334535
   2.740      0.333465
   2.743      0.332398
   2.746      0.331333
   2.749      0.330270
   2.751      0.329209
   2.754      0.328151
   2.757      0.327095
   2.759      0.326041
   2.762      0.324989
   2.765      0.323940
   2.767      0.322892
   2.770      0.321847
   2.773      0.320805
   2.776      0.319764
   2.778      0.318726
   2.781      0.317690
   2.784      0.316656
   2.786      0.315624
   2.789      0.314595
   2.792      0.313567
   2.794      0.312542
   2.797      0.311519
   2.800      0.310498
   2.803      0.309480
   2.805      0.308463
   2.808      0.307449
   2.811      0.306437
   2.813      0.305426
   2.816      0.304418
   2.819      0.303413
   2.821      0.302409
   2.824      0.301407
   2.827      0.300408
   2.830      0.299411
   2.832      0.298415
   2.835      0.297422
   2.838      0.296431
   2.840      0.295442
   2.843      0.294455
   2.846      0.293470
   2.848      0.292488
   2.851      0.291507
   2.854      0.290528
   2.857      0.289552
   2.859      0.288577
   2.862      0.287605
   2.865      0.286634
   2.867      0.285666
   2.870      0.284700
   2.873      0.283735
   2.875      0.282773
   2.878      0.281813
   2.881      0.280854
   2.884      0.279898
   2.886      0.278944
   2.889      0.277991
   2.892      0.277041
   2.894      0.276093
   2.897      0.275146
   2.900      0.274202
   2.902      0.273260
   2.905      0.272319
   2.908      0.271381
   2.911      0.270444
   2.913      0.269509
   2.916      0.268577
   2.919      0.267646
   2.921      0.266717
   2.924      0.265790
   2.927      0.264865
   2.929      0.263942
   2.932      0.263021
   2.935      0.262102
   2.938      0.261185
   2.940      0.260270
   2.943      0.259356
   2.946      0.258444
   2.948      0.257535
   2.951      0.256627
   2.954      0.255721
   2.956      0.254817
   2.959      0.253915
   2.962      0.253014
   2.965      0.252116
   2.967      0.251219
   2.970      0.250324
   2.973      0.249432
   2.975      0.248540
   2.978      0.247651
   2.981      0.246764
   2.983      0.245878
   2.986      0.244994
   2.989      0.244112
   2.992      0.243232
   2.994      0.242354
   2.997      0.241477
   3.000      0.240602
   3.002      0.239729
   3.005      0.238858
   3.008      0.237989
   3.010      0.237121
   3.013      0.236255
   3.016      0.235391
   3.019      0.234529
   3.021      0.233668
   3.024      0.232810
   3.027      0.231953
   3.029      0.231097
   3.032      0.230244
   3.035      0.229392
   3.037      0.228542
   3.040      0.227694
   3.043      0.226847
   3.046      0.226002
   3.048      0.225159
   3.051      0.224317
   3.054      0.223478
   3.056      0.222640
   3.059      0.221803
   3.062      0.220969
   3.064      0.220136
   3.067      0.219304
   3.070      0.218475
   3.073      0.217647
   3.075      0.216821
   3.078      0.215996
   3.081      0.215173
   3.083      0.214352
   3.086      0.213532
   3.089      0.212714
   3.091      0.211898
   3.094      0.211083
   3.097      0.210270
   3.100      0.209459
   3.102      0.208649
   3.105      0.207841
   3.108      0.207035
   3.110      0.206230
   3.113      0.205426
   3.116      0.204625
   3.118      0.203825
   3.121      0.203026
   3.124      0.202230
   3.127      0.201434
   3.129      0.200641
   3.132      0.199849
   3.135      0.199058
   3.137      0.198269
   3.140      0.197482
   3.143      0.196696
   3.145      0.195912
   3.148      0.195129
   3.151      0.194348
   3.154      0.193569
   3.156      0.192791
   3.159      0.192014
   3.162      0.191240
   3.164      0.190466
   3.167      0.189694
   3.170      0.188924
   3.172      0.188155
   3.175      0.187388
   3.178      0.186622
   3.181      0.185858
   3.183      0.185096
   3.186      0.184334
   3.189      0.183575
   3.191      0.182817
   3.194      0.182060
   3.197      0.181305
   3.199      0.180551
   3.202      0.179799
   3.205      0.179048
   3.208      0.178299
   3.210      0.177551
   3.213      0.176805
   3.216      0.176060
   3.218      0.175317
   3.221      0.174575
   3.224      0.173834
   3.226      0.173095
   3.229      0.172358
   3.232      0.171622
   3.235      0.170887
   3.237      0.170154
   3.240      0.169422
   3.243      0.168691
   3.245      0.167962
   3.248      0.167235
   3.251      0.166509
   3.253      0.165784
   3.256      0.165061
   3.259      0.164339
   3.262      0.163618
   3.264      0.162899
   3.267      0.162182
   3.270      0.161465
   3.272      0.160750
   3.275      0.160037
   3.278      0.159325
   3.280      0.158614
   3.283      0.157904
   3.286      0.157196
   3.289      0.156490
   3.291      0.155784
   3.294      0.155080
   3.297      0.154378
   3.299      0.153677
   3.302      0.152977
   3.305      0.152278
   3.307      0.151581
   3.310      0.150885
   3.313      0.150191
   3.316      0.149497
   3.318      0.148805
   3.321      0.148115
   3.324      0.147426
   3.326      0.146738
   3.329      0.146051
   3.332      0.145366
   3.334      0.144682
   3.337      0.143999
   3.340      0.143318
   3.343      0.142638
   3.345      0.141959
   3.348      0.141281
   3.351      0.140605
   3.353      0.139930
   3.356      0.139257
   3.359      0.138584
   3.361      0.137913
   3.364      0.137243
   3.367      0.136575
   3.370      0.135907
   3.372      0.135241
   3.375      0.134577
   3.378      0.133913
   3.380      0.133251
   3.383      0.132590
   3.386      0.131930
   3.388      0.131271
   3.391      0.130614
   3.394      0.129958
   3.397      0.129303
   3.399      0.128649
   3.402      0.127997
   3.405      0.127346
   3.407      0.126696
   3.410      0.126047
   3.413      0.125399
   3.415      0.124753
   3.418      0.124108
   3.421      0.123464
   3.424      0.122821
   3.426      0.122180
   3.429      0.121539
   3.432      0.120900
   3.434      0.120262
   3.437      0.119625
   3.440      0.118990
   3.442      0.118355
   3.445      0.117722
   3.448      0.117090
   3.451      0.116459
   3.453      0.115829
   3.456      0.115200
   3.459      0.114573
   3.461      0.113947
   3.464      0.113321
   3.467      0.112697
   3.469      0.112075
   3.472      0.111453
   3.475      0.110832
   3.478      0.110213
   3.480      0.109594
   3.483      0.108977
   3.486      0.108361
   3.488      0.107746
   3.491      0.107132
   3.494      0.106520
   3.496      0.105908
   3.499      0.105297
   3.502      0.104688
   3.505      0.104080
   3.507      0.103473
   3.510      0.102866
   3.513      0.102261
   3.515      0.101658
   3.518      0.101055
   3.521      0.100453
   3.523      0.099852
   3.526      0.099253
   3.529      0.098654
   3.532      0.098057
   3.534      0.097461
   3.537      0.096865
   3.540      0.096271
   3.542      0.095678
   3.545      0.095086
   3.548      0.094495
   3.550      0.093905
   3.553      0.093316
   3.556      0.092728
   3.559      0.092141
   3.561      0.091555
   3.564      0.090971
   3.567      0.090387
   3.569      0.089804
   3.572      0.089223
   3.575      0.088642
   3.577      0.088062
   3.580      0.087484
   3.583      0.086906
   3.586      0.086330
   3.588      0.085754
   3.591      0.085180
   3.594      0.084606
   3.596      0.084033
   3.599      0.083462
   3.602      0.082891
   3.604      0.082322
   3.607      0.081753
   3.610      0.081186
   3.613      0.080619
   3.615      0.080054
   3.618      0.079489
   3.621      0.078926
   3.623      0.078363
   3.626      0.077801
   3.629      0.077241
   3.631      0.076681
   3.634      0.076122
   3.637      0.075564
   3.640      0.075008
   3.642      0.074452
   3.645      0.073897
   3.648      0.073343
   3.650      0.072790
   3.653      0.072238
   3.656      0.071687
   3.658      0.071137
   3.661      0.070587
   3.664      0.070039
   3.667      0.069492
   3.669      0.068945
   3.672      0.068400
   3.675      0.067855
   3.677      0.067312
   3.680      0.066769
   3.683      0.066227
   3.685      0.065686
   3.688      0.065146
   3.691      0.064607
   3.694      0.064069
   3.696      0.063532
   3.699      0.062995
   3.702      0.062460
   3.704      0.061925
   3.707      0.061391
   3.710      0.060859
   3.712      0.060327
   3.715      0.059796
   3.718      0.059266
   3.721      0.058736
   3.723      0.058208
   3.726      0.057680
   3.729      0.057154
   3.731      0.056628
   3.734      0.056103
   3.737      0.055579
   3.739      0.055056
   3.742      0.054534
   3.745      0.054012
   3.748      0.053492
   3.750      0.052972
   3.753      0.052453
   3.756      0.051935
   3.758      0.051418
   3.761      0.050901
   3.764      0.050386
   3.766      0.049871
   3.769      0.049357
   3.772      0.048844
   3.775      0.048332
   3.777      0.047821
   3.780      0.047310
   3.783      0.046800
   3.785      0.046292
   3.788      0.045783
   3.791      0.045276
   3.793      0.044770
   3.796      0.044264
   3.799      0.043759
   3.802      0.043255
   3.804      0.042752
   3.807      0.042250
   3.810      0.041748
   3.812      0.041247
   3.815      0.040747
   3.818      0.040248
   3.820      0.039749
   3.823      0.039252
   3.826      0.038755
   3.829      0.038259
   3.831      0.037763
   3.834      0.037269
   3.837      0.036775
   3.839      0.036282
   3.842      0.035790
   3.845      0.035298
   3.847      0.034807
   3.850      0.034317
   3.853      0.033828
   3.856      0.033340
   3.858      0.032852
   3.861      0.032365
   3.864      0.031879
   3.866      0.031393
   3.869      0.030909
   3.872      0.030425
   3.874      0.029941
   3.877      0.029459
   3.880      0.028977
   3.883      0.028496
   3.885      0.028016
   3.888      0.027536
   3.891      0.027057
   3.893      0.026579
   3.896      0.026102
   3.899      0.025625
   3.901      0.025149
   3.904      0.024674
   3.907      0.024199
   3.910      0.023725
   3.912      0.023252
   3.915      0.022780
   3.918      0.022308
   3.920      0.021837
   3.923      0.021366
   3.926      0.020897
   3.928      0.020428
   3.931      0.019959
   3.934      0.019492
   3.937      0.019025
   3.939      0.018559
   3.942      0.018093
   3.945      0.017628
   3.947      0.017164
   3.950      0.016700
   3.953      0.016238
   3.955      0.015775
   3.958      0.015314
   3.961      0.014853
   3.964      0.014393
   3.966      0.013933
   3.969      0.013474
   3.972      0.013016
   3.974      0.012558
   3.977      0.012101
   3.980      0.011645
   3.982      0.011189
   3.985      0.010734
   3.988      0.010280
   3.991      0.009826
   3.993      0.009373
   3.996      0.008921
   3.999      0.008469
   4.001      0.008017
   4.004      0.007567
   4.007      0.007117
   4.009      0.006667
   4.012      0.006219
   4.015      0.005771
   4.018      0.005323
   4.020      0.004876
   4.023      0.004430
   4.026      0.003984
   4.028      0.003539
   4.031      0.003095
   4.034      0.002651
   4.036      0.002207
   4.039      0.001765
   4.042      0.001323
   4.045      0.000881
   4.047      0.000440
   4.050      0.000000
