   0.000      1.504939
   0.003      1.504939
   0.006      1.504939
   0.009      1.504939
   0.013      1.504939
   0.016      1.504938
   0.019      1.504937
   0.022      1.504936
   0.025      1.504934
   0.028      1.504931
   0.031      1.504927
   0.035      1.504921
   0.038      1.504914
   0.041      1.504904
   0.044      1.504892
   0.047      1.504878
   0.050      1.504860
   0.053      1.504838
   0.057      1.504812
   0.060      1.504782
   0.063      1.504747
   0.066      1.504706
   0.069      1.504659
   0.072      1.504605
   0.075      1.504544
   0.079      1.504476
   0.082      1.504399
   0.085      1.504313
   0.088      1.504217
   0.091      1.504111
   0.094      1.503994
   0.097      1.503865
   0.101      1.503725
   0.104      1.503571
   0.107      1.503403
   0.110      1.503222
   0.113      1.503025
   0.116      1.502813
   0.119      1.502585
   0.123      1.502339
   0.126      1.502076
   0.129      1.501795
   0.132      1.501494
   0.135      1.501174
   0.138      1.500834
   0.141      1.500473
   0.145      1.500091
   0.148      1.499686
   0.151      1.499259
   0.154      1.498809
   0.157      1.498335
   0.160      1.497836
   0.163      1.497313
   0.167      1.496765
   0.170      1.496191
   0.173      1.495592
   0.176      1.494965
   0.179      1.494312
   0.182      1.493632
   0.185      1.492924
   0.189      1.492189
   0.192      1.491425
   0.195      1.490634
   0.198      1.489813
   0.201      1.488965
   0.204      1.488087
   0.207      1.487181
   0.211      1.486245
   0.214      1.485281
   0.217      1.484287
   0.220      1.483265
   0.223      1.482214
   0.226      1.481133
   0.229      1.480024
   0.233      1.478886
   0.236      1.477719
   0.239      1.476524
   0.242      1.475301
   0.245      1.474049
   0.248      1.472770
   0.251      1.471463
   0.255      1.470128
   0.258      1.468766
   0.261      1.467378
   0.264      1.465963
   0.267      1.464521
   0.270      1.463054
   0.273      1.461561
   0.276      1.460042
   0.280      1.458499
   0.283      1.456931
   0.286      1.455339
   0.289      1.453723
   0.292      1.452083
   0.295      1.450421
   0.298      1.448735
   0.302      1.447027
   0.305      1.445297
   0.308      1.443546
   0.311      1.441773
   0.314      1.439979
   0.317      1.438165
   0.320      1.436330
   0.324      1.434476
   0.327      1.432602
   0.330      1.430709
   0.333      1.428798
   0.336      1.426868
   0.339      1.424919
   0.342      1.422954
   0.346      1.420970
   0.349      1.418970
   0.352      1.416953
   0.355      1.414919
   0.358      1.412870
   0.361      1.410804
   0.364      1.408723
   0.368      1.406627
   0.371      1.404516
   0.374      1.402391
   0.377      1.400251
   0.380      1.398097
   0.383      1.395929
   0.386      1.393747
   0.390      1.391553
   0.393      1.389346
   0.396      1.387125
   0.399      1.384893
   0.402      1.382648
   0.405      1.380391
   0.408      1.378123
   0.412      1.375843
   0.415      1.373552
   0.418      1.371251
   0.421      1.368938
   0.424      1.366615
   0.427      1.364282
   0.430      1.361939
   0.434      1.359586
   0.437      1.357224
   0.440      1.354852
   0.443      1.352471
   0.446      1.350082
   0.449      1.347684
   0.452      1.345277
   0.456      1.342863
   0.459      1.340440
   0.462      1.338009
   0.465      1.335572
   0.468      1.333126
   0.471      1.330674
   0.474      1.328215
   0.478      1.325748
   0.481      1.323276
   0.484      1.320797
   0.487      1.318312
   0.490      1.315821
   0.493      1.313324
   0.496      1.310822
   0.500      1.308315
   0.503      1.305802
   0.506      1.303284
   0.509      1.300762
   0.512      1.298235
   0.515      1.295703
   0.518      1.293168
   0.522      1.290628
   0.525      1.288084
   0.528      1.285537
   0.531      1.282985
   0.534      1.280431
   0.537      1.277873
   0.540      1.275313
   0.544      1.272749
   0.547      1.270182
   0.550      1.267613
   0.553      1.265042
   0.556      1.262468
   0.559      1.259892
   0.562      1.257314
   0.566      1.254735
   0.569      1.252153
   0.572      1.249570
   0.575      1.246986
   0.578      1.244400
   0.581      1.241813
   0.584      1.239226
   0.588      1.236637
   0.591      1.234048
   0.594      1.231458
   0.597      1.228867
   0.600      1.226276
   0.603      1.223685
   0.606      1.221094
   0.610      1.218503
   0.613      1.215912
   0.616      1.213322
   0.619      1.210732
   0.622      1.208142
   0.625      1.205553
   0.628      1.202964
   0.632      1.200377
   0.635      1.197790
   0.638      1.195204
   0.641      1.192620
   0.644      1.190037
   0.647      1.187455
   0.650      1.184874
   0.654      1.182295
   0.657      1.179718
   0.660      1.177143
   0.663      1.174569
   0.666      1.171997
   0.669      1.169428
   0.672      1.166860
   0.676      1.164295
   0.679      1.161732
   0.682      1.159171
   0.685      1.156613
   0.688      1.154057
   0.691      1.151504
   0.694      1.148953
   0.698      1.146405
   0.701      1.143860
   0.704      1.141318
   0.707      1.138779
   0.710      1.136244
   0.713      1.133711
   0.716      1.131181
   0.720      1.128655
   0.723      1.126132
   0.726      1.123612
   0.729      1.121096
   0.732      1.118583
   0.735      1.116074
   0.738      1.113569
   0.742      1.111067
   0.745      1.108569
   0.748      1.106075
   0.751      1.103585
   0.754      1.101099
   0.757      1.098617
   0.760      1.096138
   0.764      1.093664
   0.767      1.091194
   0.770      1.088728
   0.773      1.086267
   0.776      1.083809
   0.779      1.081356
   0.782      1.078908
   0.785      1.076464
   0.789      1.074024
   0.792      1.071589
   0.795      1.069158
   0.798      1.066732
   0.801      1.064311
   0.804      1.061894
   0.807      1.059482
   0.811      1.057075
   0.814      1.054672
   0.817      1.052275
   0.820      1.049882
   0.823      1.047494
   0.826      1.045111
   0.829      1.042733
   0.833      1.040360
   0.836      1.037992
   0.839      1.035629
   0.842      1.033271
   0.845      1.030918
   0.848      1.028570
   0.851      1.026227
   0.855      1.023890
   0.858      1.021558
   0.861      1.019231
   0.864      1.016909
   0.867      1.014593
   0.870      1.012281
   0.873      1.009976
   0.877      1.007675
   0.880      1.005380
   0.883      1.003090
   0.886      1.000806
   0.889      0.998527
   0.892      0.996253
   0.895      0.993985
   0.899      0.991722
   0.902      0.989465
   0.905      0.987214
   0.908      0.984967
   0.911      0.982727
   0.914      0.980492
   0.917      0.978262
   0.921      0.976038
   0.924      0.973820
   0.927      0.971607
   0.930      0.969400
   0.933      0.967198
   0.936      0.965002
   0.939      0.962812
   0.943      0.960627
   0.946      0.958448
   0.949      0.956275
   0.952      0.954107
   0.955      0.951945
   0.958      0.949789
   0.961      0.947638
   0.965      0.945493
   0.968      0.943354
   0.971      0.941220
   0.974      0.939092
   0.977      0.936970
   0.980      0.934854
   0.983      0.932743
   0.987      0.930638
   0.990      0.928539
   0.993      0.926445
   0.996      0.924357
   0.999      0.922275
   1.002      0.920199
   1.005      0.918128
   1.009      0.916063
   1.012      0.914004
   1.015      0.911951
   1.018      0.909903
   1.021      0.907861
   1.024      0.905825
   1.027      0.903795
   1.031      0.901770
   1.034      0.899751
   1.037      0.897738
   1.040      0.895730
   1.043      0.893728
   1.046      0.891732
   1.049      0.889742
   1.053      0.887757
   1.056      0.885778
   1.059      0.883805
   1.062      0.881837
   1.065      0.879875
   1.068      0.877919
   1.071      0.875969
   1.075      0.874024
   1.078      0.872085
   1.081      0.870151
   1.084      0.868224
   1.087      0.866302
   1.090      0.864385
   1.093      0.862474
   1.097      0.860569
   1.100      0.858670
   1.103      0.856776
   1.106      0.854888
   1.109      0.853005
   1.112      0.851128
   1.115      0.849256
   1.119      0.847391
   1.122      0.845530
   1.125      0.843676
   1.128      0.841826
   1.131      0.839983
   1.134      0.838145
   1.137      0.836312
   1.141      0.834485
   1.144      0.832664
   1.147      0.830848
   1.150      0.829038
   1.153      0.827233
   1.156      0.825433
   1.159      0.823639
   1.163      0.821851
   1.166      0.820068
   1.169      0.818290
   1.172      0.816518
   1.175      0.814752
   1.178      0.812990
   1.181      0.811234
   1.185      0.809484
   1.188      0.807739
   1.191      0.805999
   1.194      0.804265
   1.197      0.802536
   1.200      0.800812
   1.203      0.799094
   1.207      0.797381
   1.210      0.795673
   1.213      0.793970
   1.216      0.792273
   1.219      0.790581
   1.222      0.788895
   1.225      0.787213
   1.229      0.785537
   1.232      0.783866
   1.235      0.782200
   1.238      0.780540
   1.241      0.778885
   1.244      0.777234
   1.247      0.775589
   1.251      0.773950
   1.254      0.772315
   1.257      0.770685
   1.260      0.769061
   1.263      0.767441
   1.266      0.765827
   1.269      0.764218
   1.273      0.762614
   1.276      0.761014
   1.279      0.759420
   1.282      0.757831
   1.285      0.756247
   1.288      0.754668
   1.291      0.753094
   1.294      0.751525
   1.298      0.749961
   1.301      0.748401
   1.304      0.746847
   1.307      0.745298
   1.310      0.743753
   1.313      0.742214
   1.316      0.740679
   1.320      0.739149
   1.323      0.737624
   1.326      0.736104
   1.329      0.734588
   1.332      0.733078
   1.335      0.731572
   1.338      0.730071
   1.342      0.728575
   1.345      0.727083
   1.348      0.725596
   1.351      0.724114
   1.354      0.722637
   1.357      0.721164
   1.360      0.719696
   1.364      0.718233
   1.367      0.716775
   1.370      0.715321
   1.373      0.713871
   1.376      0.712427
   1.379      0.710986
   1.382      0.709551
   1.386      0.708120
   1.389      0.706694
   1.392      0.705272
   1.395      0.703854
   1.398      0.702442
   1.401      0.701033
   1.404      0.699629
   1.408      0.698230
   1.411      0.696835
   1.414      0.695445
   1.417      0.694059
   1.420      0.692677
   1.423      0.691300
   1.426      0.689927
   1.430      0.688559
   1.433      0.687195
   1.436      0.685835
   1.439      0.684480
   1.442      0.683129
   1.445      0.681782
   1.448      0.680440
   1.452      0.679102
   1.455      0.677768
   1.458      0.676438
   1.461      0.675113
   1.464      0.673792
   1.467      0.672475
   1.470      0.671162
   1.474      0.669853
   1.477      0.668549
   1.480      0.667249
   1.483      0.665953
   1.486      0.664661
   1.489      0.663373
   1.492      0.662089
   1.496      0.660810
   1.499      0.659534
   1.502      0.658263
   1.505      0.656996
   1.508      0.655732
   1.511      0.654473
   1.514      0.653218
   1.518      0.651966
   1.521      0.650719
   1.524      0.649476
   1.527      0.648236
   1.530      0.647001
   1.533      0.645769
   1.536      0.644541
   1.540      0.643318
   1.543      0.642098
   1.546      0.640882
   1.549      0.639670
   1.552      0.638462
   1.555      0.637257
   1.558      0.636057
   1.562      0.634860
   1.565      0.633667
   1.568      0.632478
   1.571      0.631293
   1.574      0.630111
   1.577      0.628933
   1.580      0.627759
   1.584      0.626589
   1.587      0.625422
   1.590      0.624259
   1.593      0.623099
   1.596      0.621944
   1.599      0.620792
   1.602      0.619643
   1.606      0.618499
   1.609      0.617358
   1.612      0.616220
   1.615      0.615086
   1.618      0.613956
   1.621      0.612829
   1.624      0.611706
   1.628      0.610586
   1.631      0.609470
   1.634      0.608358
   1.637      0.607249
   1.640      0.606143
   1.643      0.605041
   1.646      0.603942
   1.650      0.602847
   1.653      0.601755
   1.656      0.600667
   1.659      0.599582
   1.662      0.598501
   1.665      0.597423
   1.668      0.596348
   1.672      0.595277
   1.675      0.594209
   1.678      0.593144
   1.681      0.592083
   1.684      0.591025
   1.687      0.589970
   1.690      0.588919
   1.694      0.587871
   1.697      0.586826
   1.700      0.585785
   1.703      0.584746
   1.706      0.583711
   1.709      0.582680
   1.712      0.581651
   1.716      0.580626
   1.719      0.579604
   1.722      0.578585
   1.725      0.577569
   1.728      0.576556
   1.731      0.575547
   1.734      0.574540
   1.738      0.573537
   1.741      0.572537
   1.744      0.571540
   1.747      0.570546
   1.750      0.569555
   1.753      0.568568
   1.756      0.567583
   1.760      0.566601
   1.763      0.565623
   1.766      0.564647
   1.769      0.563675
   1.772      0.562705
   1.775      0.561739
   1.778      0.560775
   1.782      0.559814
   1.785      0.558857
   1.788      0.557902
   1.791      0.556950
   1.794      0.556002
   1.797      0.555056
   1.800      0.554113
   1.804      0.553173
   1.807      0.552235
   1.810      0.551301
   1.813      0.550370
   1.816      0.549441
   1.819      0.548515
   1.822      0.547592
   1.825      0.546672
   1.829      0.545755
   1.832      0.544841
   1.835      0.543929
   1.838      0.543020
   1.841      0.542114
   1.844      0.541210
   1.847      0.540310
   1.851      0.539412
   1.854      0.538517
   1.857      0.537624
   1.860      0.536735
   1.863      0.535848
   1.866      0.534963
   1.869      0.534082
   1.873      0.533203
   1.876      0.532326
   1.879      0.531453
   1.882      0.530582
   1.885      0.529713
   1.888      0.528848
   1.891      0.527984
   1.895      0.527124
   1.898      0.526266
   1.901      0.525411
   1.904      0.524558
   1.907      0.523708
   1.910      0.522860
   1.913      0.522015
   1.917      0.521172
   1.920      0.520332
   1.923      0.519495
   1.926      0.518660
   1.929      0.517827
   1.932      0.516997
   1.935      0.516170
   1.939      0.515344
   1.942      0.514522
   1.945      0.513702
   1.948      0.512884
   1.951      0.512069
   1.954      0.511256
   1.957      0.510445
   1.961      0.509637
   1.964      0.508832
   1.967      0.508028
   1.970      0.507228
   1.973      0.506429
   1.976      0.505633
   1.979      0.504839
   1.983      0.504048
   1.986      0.503259
   1.989      0.502472
   1.992      0.501687
   1.995      0.500905
   1.998      0.500125
   2.001      0.499348
   2.005      0.498573
   2.008      0.497800
   2.011      0.497029
   2.014      0.496261
   2.017      0.495494
   2.020      0.494730
   2.023      0.493969
   2.027      0.493209
   2.030      0.492452
   2.033      0.491697
   2.036      0.490944
   2.039      0.490193
   2.042      0.489445
   2.045      0.488699
   2.049      0.487955
   2.052      0.487213
   2.055      0.486473
   2.058      0.485735
   2.061      0.485000
   2.064      0.484266
   2.067      0.483535
   2.071      0.482806
   2.074      0.482079
   2.077      0.481354
   2.080      0.480631
   2.083      0.479910
   2.086      0.479191
   2.089      0.478475
   2.093      0.477760
   2.096      0.477048
   2.099      0.476337
   2.102      0.475629
   2.105      0.474922
   2.108      0.474218
   2.111      0.473516
   2.115      0.472815
   2.118      0.472117
   2.121      0.471420
   2.124      0.470726
   2.127      0.470034
   2.130      0.469343
   2.133      0.468655
   2.137      0.467968
   2.140      0.467283
   2.143      0.466601
   2.146      0.465920
   2.149      0.465241
   2.152      0.464564
   2.155      0.463889
   2.159      0.463216
   2.162      0.462545
   2.165      0.461876
   2.168      0.461208
   2.171      0.460543
   2.174      0.459879
   2.177      0.459217
   2.181      0.458558
   2.184      0.457899
   2.187      0.457243
   2.190      0.456589
   2.193      0.455936
   2.196      0.455285
   2.199      0.454636
   2.203      0.453989
   2.206      0.453344
   2.209      0.452700
   2.212      0.452059
   2.215      0.451419
   2.218      0.450780
   2.221      0.450144
   2.225      0.449509
   2.228      0.448876
   2.231      0.448245
   2.234      0.447616
   2.237      0.446988
   2.240      0.446362
   2.243      0.445738
   2.247      0.445115
   2.250      0.444494
   2.253      0.443875
   2.256      0.443258
   2.259      0.442642
   2.262      0.442028
   2.265      0.441415
   2.269      0.440805
   2.272      0.440196
   2.275      0.439588
   2.278      0.438983
   2.281      0.438378
   2.284      0.437776
   2.287      0.437175
   2.291      0.436576
   2.294      0.435978
   2.297      0.435382
   2.300      0.434788
   2.303      0.434195
   2.306      0.433604
   2.309      0.433014
   2.313      0.432426
   2.316      0.431840
   2.319      0.431255
   2.322      0.430672
   2.325      0.430090
   2.328      0.429510
   2.331      0.428931
   2.334      0.428354
   2.338      0.427779
   2.341      0.427205
   2.344      0.426632
   2.347      0.426062
   2.350      0.425492
   2.353      0.424924
   2.356      0.424358
   2.360      0.423793
   2.363      0.423229
   2.366      0.422668
   2.369      0.422107
   2.372      0.421548
   2.375      0.420991
   2.378      0.420435
   2.382      0.419880
   2.385      0.419327
   2.388      0.418775
   2.391      0.418225
   2.394      0.417676
   2.397      0.417129
   2.400      0.416583
   2.404      0.416038
   2.407      0.415495
   2.410      0.414954
   2.413      0.414413
   2.416      0.413875
   2.419      0.413337
   2.422      0.412801
   2.426      0.412266
   2.429      0.411733
   2.432      0.411201
   2.435      0.410671
   2.438      0.410141
   2.441      0.409614
   2.444      0.409087
   2.448      0.408562
   2.451      0.408038
   2.454      0.407516
   2.457      0.406995
   2.460      0.406475
   2.463      0.405956
   2.466      0.405439
   2.470      0.404923
   2.473      0.404409
   2.476      0.403896
   2.479      0.403384
   2.482      0.402873
   2.485      0.402364
   2.488      0.401856
   2.492      0.401349
   2.495      0.400844
   2.498      0.400339
   2.501      0.399836
   2.504      0.399335
   2.507      0.398834
   2.510      0.398335
   2.514      0.397837
