   0.000      1.557224
   0.003      1.557266
   0.006      1.557307
   0.009      1.557375
   0.013      1.557471
   0.016      1.557595
   0.019      1.557746
   0.022      1.557924
   0.025      1.558130
   0.028      1.558364
   0.032      1.558626
   0.035      1.558915
   0.038      1.559232
   0.041      1.559577
   0.044      1.559950
   0.047      1.560351
   0.051      1.560779
   0.054      1.561236
   0.057      1.561721
   0.060      1.562234
   0.063      1.562776
   0.066      1.563345
   0.070      1.563943
   0.073      1.564570
   0.076      1.565225
   0.079      1.565908
   0.082      1.566620
   0.085      1.567360
   0.089      1.568129
   0.092      1.568927
   0.095      1.569753
   0.098      1.570608
   0.101      1.571492
   0.104      1.572405
   0.108      1.573347
   0.111      1.574317
   0.114      1.575317
   0.117      1.576345
   0.120      1.577403
   0.123      1.578489
   0.127      1.579605
   0.130      1.580750
   0.133      1.581924
   0.136      1.583127
   0.139      1.584359
   0.143      1.585621
   0.146      1.586911
   0.149      1.588231
   0.152      1.589580
   0.155      1.590958
   0.158      1.592366
   0.162      1.593803
   0.165      1.595269
   0.168      1.596764
   0.171      1.598288
   0.174      1.599842
   0.177      1.601425
   0.181      1.603037
   0.184      1.604679
   0.187      1.606349
   0.190      1.608049
   0.193      1.609778
   0.196      1.611535
   0.200      1.613322
   0.203      1.615138
   0.206      1.616983
   0.209      1.618857
   0.212      1.620759
   0.215      1.622690
   0.219      1.624651
   0.222      1.626639
   0.225      1.628657
   0.228      1.630703
   0.231      1.632777
   0.234      1.634880
   0.238      1.637011
   0.241      1.639170
   0.244      1.641358
   0.247      1.643573
   0.250      1.645817
   0.253      1.648088
   0.257      1.650387
   0.260      1.652713
   0.263      1.655067
   0.266      1.657449
   0.269      1.659857
   0.272      1.662292
   0.276      1.664755
   0.279      1.667244
   0.282      1.669760
   0.285      1.672302
   0.288      1.674870
   0.291      1.677465
   0.295      1.680085
   0.298      1.682731
   0.301      1.685403
   0.304      1.688100
   0.307      1.690822
   0.310      1.693569
   0.314      1.696341
   0.317      1.699137
   0.320      1.701957
   0.323      1.704802
   0.326      1.707670
   0.329      1.710561
   0.333      1.713476
   0.336      1.716414
   0.339      1.719375
   0.342      1.722358
   0.345      1.725363
   0.348      1.728390
   0.351      1.731439
   0.355      1.734509
   0.358      1.737600
   0.361      1.740711
   0.364      1.743843
   0.367      1.746995
   0.370      1.750166
   0.374      1.753356
   0.377      1.756566
   0.380      1.759794
   0.383      1.763040
   0.386      1.766304
   0.389      1.769585
   0.393      1.772884
   0.396      1.776199
   0.399      1.779530
   0.402      1.782877
   0.405      1.786239
   0.408      1.789616
   0.412      1.793007
   0.415      1.796413
   0.418      1.799832
   0.421      1.803264
   0.424      1.806709
   0.427      1.810166
   0.431      1.813634
   0.434      1.817114
   0.437      1.820604
   0.440      1.824105
   0.443      1.827615
   0.446      1.831134
   0.450      1.834661
   0.453      1.838197
   0.456      1.841740
   0.459      1.845290
   0.462      1.848846
   0.465      1.852408
   0.469      1.855975
   0.472      1.859547
   0.475      1.863123
   0.478      1.866702
   0.481      1.870284
   0.484      1.873868
   0.488      1.877453
   0.491      1.881040
   0.494      1.884626
   0.497      1.888213
   0.500      1.891798
   0.503      1.895382
   0.507      1.898963
   0.510      1.902541
   0.513      1.906116
   0.516      1.909686
   0.519      1.913251
   0.522      1.916810
   0.526      1.920363
   0.529      1.923909
   0.532      1.927447
   0.535      1.930976
   0.538      1.934497
   0.541      1.938007
   0.545      1.941506
   0.548      1.944994
   0.551      1.948470
   0.554      1.951933
   0.557      1.955382
   0.560      1.958817
   0.564      1.962237
   0.567      1.965641
   0.570      1.969028
   0.573      1.972398
   0.576      1.975749
   0.579      1.979082
   0.583      1.982395
   0.586      1.985688
   0.589      1.988959
   0.592      1.992209
   0.595      1.995435
   0.598      1.998639
   0.602      2.001818
   0.605      2.004972
   0.608      2.008100
   0.611      2.011202
   0.614      2.014277
   0.617      2.017323
   0.621      2.020341
   0.624      2.023329
   0.627      2.026287
   0.630      2.029214
   0.633      2.032109
   0.636      2.034972
   0.640      2.037801
   0.643      2.040597
   0.646      2.043358
   0.649      2.046083
   0.652      2.048772
   0.655      2.051424
   0.659      2.054039
   0.662      2.056615
   0.665      2.059153
   0.668      2.061651
   0.671      2.064108
   0.674      2.066525
   0.678      2.068899
   0.681      2.071232
   0.684      2.073521
   0.687      2.075767
   0.690      2.077969
   0.693      2.080126
   0.697      2.082237
   0.700      2.084303
   0.703      2.086321
   0.706      2.088293
   0.709      2.090216
   0.712      2.092092
   0.716      2.093918
   0.719      2.095695
   0.722      2.097422
   0.725      2.099098
   0.728      2.100724
   0.731      2.102298
   0.735      2.103820
   0.738      2.105290
   0.741      2.106707
   0.744      2.108070
   0.747      2.109380
   0.750      2.110636
   0.754      2.111838
   0.757      2.112984
   0.760      2.114076
   0.763      2.115112
   0.766      2.116091
   0.769      2.117015
   0.773      2.117883
   0.776      2.118693
   0.779      2.119446
   0.782      2.120143
   0.785      2.120781
   0.788      2.121362
   0.792      2.121885
   0.795      2.122350
   0.798      2.122756
   0.801      2.123104
   0.804      2.123393
   0.807      2.123624
   0.811      2.123796
   0.814      2.123908
   0.817      2.123962
   0.820      2.123957
   0.823      2.123892
   0.826      2.123769
   0.830      2.123586
   0.833      2.123344
   0.836      2.123043
   0.839      2.122683
   0.842      2.122264
   0.845      2.121786
   0.849      2.121249
   0.852      2.120653
   0.855      2.119998
   0.858      2.119285
   0.861      2.118514
   0.864      2.117684
   0.868      2.116796
   0.871      2.115851
   0.874      2.114848
   0.877      2.113787
   0.880      2.112669
   0.883      2.111494
   0.887      2.110263
   0.890      2.108975
   0.893      2.107630
   0.896      2.106230
   0.899      2.104775
   0.902      2.103264
   0.906      2.101699
   0.909      2.100078
   0.912      2.098404
   0.915      2.096676
   0.918      2.094895
   0.921      2.093060
   0.925      2.091173
   0.928      2.089234
   0.931      2.087243
   0.934      2.085201
   0.937      2.083107
   0.940      2.080964
   0.944      2.078770
   0.947      2.076527
   0.950      2.074235
   0.953      2.071894
   0.956      2.069506
   0.959      2.067069
   0.963      2.064586
   0.966      2.062056
   0.969      2.059481
   0.972      2.056859
   0.975      2.054193
   0.978      2.051483
   0.982      2.048728
   0.985      2.045930
   0.988      2.043090
   0.991      2.040207
   0.994      2.037282
   0.997      2.034317
   1.001      2.031311
   1.004      2.028265
   1.007      2.025179
   1.010      2.022055
   1.013      2.018892
   1.016      2.015692
   1.020      2.012454
   1.023      2.009180
   1.026      2.005871
   1.029      2.002525
   1.032      1.999145
   1.035      1.995731
   1.039      1.992283
   1.042      1.988802
   1.045      1.985288
   1.048      1.981742
   1.051      1.978165
   1.054      1.974558
   1.058      1.970920
   1.061      1.967252
   1.064      1.963555
   1.067      1.959830
   1.070      1.956077
   1.073      1.952296
   1.077      1.948489
   1.080      1.944655
   1.083      1.940795
   1.086      1.936910
   1.089      1.933001
   1.092      1.929067
   1.096      1.925110
   1.099      1.921129
   1.102      1.917126
   1.105      1.913101
   1.108      1.909055
   1.112      1.904987
   1.115      1.900899
   1.118      1.896791
   1.121      1.892663
   1.124      1.888516
   1.127      1.884351
   1.131      1.880168
   1.134      1.875966
   1.137      1.871748
   1.140      1.867513
   1.143      1.863262
   1.146      1.858996
   1.150      1.854713
   1.153      1.850416
   1.156      1.846105
   1.159      1.841779
   1.162      1.837440
   1.165      1.833088
   1.169      1.828723
   1.172      1.824346
   1.175      1.819957
   1.178      1.815556
   1.181      1.811144
   1.184      1.806721
   1.188      1.802288
   1.191      1.797845
   1.194      1.793392
   1.197      1.788930
   1.200      1.784459
   1.203      1.779980
   1.207      1.775492
   1.210      1.770997
   1.213      1.766494
   1.216      1.761983
   1.219      1.757466
   1.222      1.752942
   1.226      1.748412
   1.229      1.743876
   1.232      1.739335
   1.235      1.734788
   1.238      1.730236
   1.241      1.725680
   1.245      1.721118
   1.248      1.716553
   1.251      1.711984
   1.254      1.707411
   1.257      1.702835
   1.260      1.698256
   1.264      1.693674
   1.267      1.689089
   1.270      1.684502
   1.273      1.679913
   1.276      1.675322
   1.279      1.670730
   1.283      1.666136
   1.286      1.661541
   1.289      1.656945
   1.292      1.652348
   1.295      1.647751
   1.298      1.643153
   1.302      1.638556
   1.305      1.633958
   1.308      1.629361
   1.311      1.624765
   1.314      1.620169
   1.317      1.615574
   1.321      1.610980
   1.324      1.606387
   1.327      1.601796
   1.330      1.597207
   1.333      1.592619
   1.336      1.588034
   1.340      1.583450
   1.343      1.578869
   1.346      1.574290
   1.349      1.569714
   1.352      1.565141
   1.355      1.560571
   1.359      1.556004
   1.362      1.551440
   1.365      1.546879
   1.368      1.542322
   1.371      1.537769
   1.374      1.533219
   1.378      1.528674
   1.381      1.524132
   1.384      1.519595
   1.387      1.515062
   1.390      1.510533
   1.393      1.506009
   1.397      1.501490
   1.400      1.496976
   1.403      1.492466
   1.406      1.487962
   1.409      1.483463
   1.412      1.478969
   1.416      1.474480
   1.419      1.469997
   1.422      1.465520
   1.425      1.461048
   1.428      1.456582
   1.431      1.452122
   1.435      1.447667
   1.438      1.443219
   1.441      1.438777
   1.444      1.434342
   1.447      1.429913
   1.450      1.425490
   1.454      1.421073
   1.457      1.416664
   1.460      1.412261
   1.463      1.407865
   1.466      1.403475
   1.469      1.399093
   1.473      1.394717
   1.476      1.390349
   1.479      1.385988
   1.482      1.381634
   1.485      1.377287
   1.488      1.372948
   1.492      1.368616
   1.495      1.364292
   1.498      1.359975
   1.501      1.355666
   1.504      1.351364
   1.507      1.347071
   1.511      1.342785
   1.514      1.338507
   1.517      1.334237
   1.520      1.329975
   1.523      1.325721
   1.526      1.321475
   1.530      1.317237
   1.533      1.313007
   1.536      1.308786
   1.539      1.304573
   1.542      1.300368
   1.545      1.296172
   1.549      1.291984
   1.552      1.287805
   1.555      1.283634
   1.558      1.279472
   1.561      1.275318
   1.564      1.271173
   1.568      1.267037
   1.571      1.262909
   1.574      1.258790
   1.577      1.254680
   1.580      1.250579
   1.583      1.246487
   1.587      1.242403
   1.590      1.238329
   1.593      1.234263
   1.596      1.230207
   1.599      1.226159
   1.602      1.222121
   1.606      1.218092
   1.609      1.214072
   1.612      1.210061
   1.615      1.206059
   1.618      1.202066
   1.621      1.198083
   1.625      1.194109
   1.628      1.190144
   1.631      1.186189
   1.634      1.182243
   1.637      1.178306
   1.640      1.174378
   1.644      1.170460
   1.647      1.166551
   1.650      1.162652
   1.653      1.158762
   1.656      1.154882
   1.659      1.151011
   1.663      1.147150
   1.666      1.143298
   1.669      1.139456
   1.672      1.135623
   1.675      1.131800
   1.678      1.127986
   1.682      1.124182
   1.685      1.120387
   1.688      1.116602
   1.691      1.112827
   1.694      1.109061
   1.697      1.105305
   1.701      1.101559
   1.704      1.097822
   1.707      1.094095
   1.710      1.090377
   1.713      1.086669
   1.716      1.082971
   1.720      1.079283
   1.723      1.075604
   1.726      1.071935
   1.729      1.068275
   1.732      1.064625
   1.735      1.060985
   1.739      1.057355
   1.742      1.053734
   1.745      1.050124
   1.748      1.046522
   1.751      1.042931
   1.754      1.039349
   1.758      1.035777
   1.761      1.032215
   1.764      1.028662
   1.767      1.025119
   1.770      1.021586
   1.773      1.018062
   1.777      1.014548
   1.780      1.011044
   1.783      1.007550
   1.786      1.004065
   1.789      1.000590
   1.792      0.997125
   1.796      0.993669
   1.799      0.990223
   1.802      0.986787
   1.805      0.983360
   1.808      0.979943
   1.811      0.976536
   1.815      0.973138
   1.818      0.969750
   1.821      0.966372
   1.824      0.963003
   1.827      0.959644
   1.830      0.956294
   1.834      0.952954
   1.837      0.949624
   1.840      0.946303
   1.843      0.942992
   1.846      0.939691
   1.849      0.936399
   1.853      0.933116
   1.856      0.929843
   1.859      0.926580
   1.862      0.923326
   1.865      0.920082
   1.868      0.916847
   1.872      0.913622
   1.875      0.910406
   1.878      0.907200
   1.881      0.904003
   1.884      0.900815
   1.887      0.897637
   1.891      0.894469
   1.894      0.891309
   1.897      0.888160
   1.900      0.885019
   1.903      0.881888
   1.906      0.878767
   1.910      0.875654
   1.913      0.872551
   1.916      0.869458
   1.919      0.866373
   1.922      0.863298
   1.925      0.860232
   1.929      0.857176
   1.932      0.854128
   1.935      0.851090
   1.938      0.848061
   1.941      0.845042
   1.944      0.842031
   1.948      0.839030
   1.951      0.836038
   1.954      0.833055
   1.957      0.830081
   1.960      0.827116
   1.963      0.824160
   1.967      0.821214
   1.970      0.818276
   1.973      0.815348
   1.976      0.812428
   1.979      0.809518
   1.982      0.806616
   1.986      0.803724
   1.989      0.800840
   1.992      0.797965
   1.995      0.795100
   1.998      0.792243
   2.001      0.789395
   2.005      0.786556
   2.008      0.783725
   2.011      0.780904
   2.014      0.778091
   2.017      0.775288
   2.020      0.772493
   2.024      0.769706
   2.027      0.766929
   2.030      0.764160
   2.033      0.761400
   2.036      0.758648
   2.039      0.755906
   2.043      0.753171
   2.046      0.750446
   2.049      0.747729
   2.052      0.745021
   2.055      0.742321
   2.058      0.739630
   2.062      0.736947
   2.065      0.734273
   2.068      0.731607
   2.071      0.728950
   2.074      0.726301
   2.077      0.723661
   2.081      0.721029
   2.084      0.718406
   2.087      0.715791
   2.090      0.713184
   2.093      0.710585
   2.096      0.707995
   2.100      0.705414
   2.103      0.702840
   2.106      0.700275
   2.109      0.697718
   2.112      0.695169
   2.115      0.692628
   2.119      0.690096
   2.122      0.687571
   2.125      0.685055
   2.128      0.682547
   2.131      0.680047
   2.134      0.677555
   2.138      0.675071
   2.141      0.672595
   2.144      0.670128
   2.147      0.667668
   2.150      0.665216
   2.153      0.662772
   2.157      0.660336
   2.160      0.657908
   2.163      0.655488
   2.166      0.653075
   2.169      0.650671
   2.172      0.648274
   2.176      0.645885
   2.179      0.643504
   2.182      0.641131
   2.185      0.638765
   2.188      0.636407
   2.191      0.634057
   2.195      0.631715
   2.198      0.629380
   2.201      0.627053
   2.204      0.624733
   2.207      0.622421
   2.210      0.620117
   2.214      0.617820
   2.217      0.615530
   2.220      0.613249
   2.223      0.610974
   2.226      0.608708
   2.229      0.606448
   2.233      0.604196
   2.236      0.601952
   2.239      0.599714
   2.242      0.597485
   2.245      0.595262
   2.248      0.593047
   2.252      0.590839
   2.255      0.588639
   2.258      0.586445
   2.261      0.584259
   2.264      0.582080
   2.267      0.579909
   2.271      0.577744
   2.274      0.575587
   2.277      0.573437
   2.280      0.571294
   2.283      0.569158
   2.286      0.567029
   2.290      0.564907
   2.293      0.562792
   2.296      0.560685
   2.299      0.558584
   2.302      0.556490
   2.305      0.554403
   2.309      0.552323
   2.312      0.550250
   2.315      0.548184
   2.318      0.546125
   2.321      0.544073
   2.324      0.542027
   2.328      0.539988
   2.331      0.537956
   2.334      0.535931
   2.337      0.533913
   2.340      0.531901
   2.343      0.529896
   2.347      0.527897
   2.350      0.525906
   2.353      0.523921
   2.356      0.521942
   2.359      0.519970
   2.362      0.518005
   2.366      0.516047
   2.369      0.514094
   2.372      0.512149
   2.375      0.510210
   2.378      0.508277
   2.381      0.506351
   2.385      0.504431
   2.388      0.502518
   2.391      0.500611
   2.394      0.498711
   2.397      0.496816
   2.400      0.494929
   2.404      0.493047
   2.407      0.491172
   2.410      0.489303
   2.413      0.487441
   2.416      0.485584
   2.419      0.483734
   2.423      0.481890
   2.426      0.480052
   2.429      0.478221
   2.432      0.476395
   2.435      0.474576
   2.438      0.472763
   2.442      0.470956
   2.445      0.469155
   2.448      0.467360
   2.451      0.465571
   2.454      0.463788
   2.457      0.462011
   2.461      0.460240
   2.464      0.458475
   2.467      0.456716
   2.470      0.454962
   2.473      0.453215
   2.476      0.451474
   2.480      0.449738
   2.483      0.448008
   2.486      0.446284
   2.489      0.444566
   2.492      0.442854
   2.495      0.441147
   2.499      0.439447
   2.502      0.437752
   2.505      0.436062
   2.508      0.434378
   2.511      0.432700
   2.514      0.431028
   2.518      0.429361
   2.521      0.427700
   2.524      0.426045
   2.527      0.424395
   2.530      0.422750
   2.533      0.421112
   2.537      0.419478
   2.540      0.417850
   2.543      0.416228
   2.546      0.414611
   2.549      0.413000
   2.552      0.411394
   2.556      0.409793
   2.559      0.408198
   2.562      0.406608
   2.565      0.405024
   2.568      0.403445
   2.571      0.401871
   2.575      0.400302
   2.578      0.398739
   2.581      0.397181
   2.584      0.395629
   2.587      0.394081
   2.590      0.392539
   2.594      0.391002
   2.597      0.389470
   2.600      0.387944
   2.603      0.386422
   2.606      0.384906
   2.609      0.383394
   2.613      0.381888
   2.616      0.380387
   2.619      0.378891
   2.622      0.377400
   2.625      0.375914
   2.628      0.374433
   2.632      0.372957
   2.635      0.371486
   2.638      0.370020
   2.641      0.368559
   2.644      0.367103
   2.647      0.365652
   2.651      0.364206
   2.654      0.362764
   2.657      0.361328
   2.660      0.359896
   2.663      0.358469
   2.666      0.357047
   2.670      0.355629
   2.673      0.354217
   2.676      0.352809
   2.679      0.351406
   2.682      0.350008
   2.685      0.348614
   2.688      0.347225
   2.692      0.345841
   2.695      0.344461
   2.698      0.343086
   2.701      0.341716
   2.704      0.340350
   2.707      0.338989
   2.711      0.337633
   2.714      0.336281
   2.717      0.334933
   2.720      0.333590
   2.723      0.332252
   2.726      0.330918
   2.730      0.329589
   2.733      0.328264
   2.736      0.326944
   2.739      0.325628
   2.742      0.324316
   2.745      0.323009
   2.749      0.321706
   2.752      0.320408
   2.755      0.319114
   2.758      0.317824
   2.761      0.316539
   2.764      0.315258
   2.768      0.313981
   2.771      0.312709
   2.774      0.311440
   2.777      0.310177
   2.780      0.308917
   2.783      0.307661
   2.787      0.306410
   2.790      0.305163
   2.793      0.303920
   2.796      0.302682
   2.799      0.301447
   2.802      0.300217
   2.806      0.298991
   2.809      0.297768
   2.812      0.296550
   2.815      0.295336
   2.818      0.294126
   2.821      0.292921
   2.825      0.291719
   2.828      0.290521
   2.831      0.289327
   2.834      0.288137
   2.837      0.286952
   2.840      0.285770
   2.844      0.284592
   2.847      0.283418
   2.850      0.282248
   2.853      0.281082
   2.856      0.279919
   2.859      0.278761
   2.863      0.277607
   2.866      0.276456
   2.869      0.275309
   2.872      0.274166
   2.875      0.273027
   2.878      0.271892
   2.882      0.270760
   2.885      0.269632
   2.888      0.268508
   2.891      0.267388
   2.894      0.266272
   2.897      0.265159
   2.901      0.264050
   2.904      0.262944
   2.907      0.261842
   2.910      0.260744
   2.913      0.259650
   2.916      0.258559
   2.920      0.257472
   2.923      0.256388
   2.926      0.255308
   2.929      0.254232
   2.932      0.253159
   2.935      0.252090
   2.939      0.251024
   2.942      0.249962
   2.945      0.248903
   2.948      0.247848
   2.951      0.246796
   2.954      0.245748
   2.958      0.244703
   2.961      0.243662
   2.964      0.242624
   2.967      0.241590
   2.970      0.240559
   2.973      0.239531
   2.977      0.238507
   2.980      0.237486
   2.983      0.236469
   2.986      0.235455
   2.989      0.234444
   2.992      0.233437
   2.996      0.232433
   2.999      0.231432
   3.002      0.230434
   3.005      0.229440
   3.008      0.228449
   3.011      0.227462
   3.015      0.226477
   3.018      0.225496
   3.021      0.224518
   3.024      0.223543
   3.027      0.222572
   3.030      0.221604
   3.034      0.220638
   3.037      0.219676
   3.040      0.218718
   3.043      0.217762
   3.046      0.216809
   3.049      0.215860
   3.053      0.214913
   3.056      0.213970
   3.059      0.213030
   3.062      0.212093
   3.065      0.211159
   3.068      0.210228
   3.072      0.209300
   3.075      0.208375
   3.078      0.207453
   3.081      0.206534
   3.084      0.205618
   3.087      0.204705
   3.091      0.203795
   3.094      0.202888
   3.097      0.201984
   3.100      0.201083
   3.103      0.200185
   3.106      0.199290
   3.110      0.198397
   3.113      0.197508
   3.116      0.196621
   3.119      0.195738
   3.122      0.194857
   3.125      0.193979
   3.129      0.193103
   3.132      0.192231
   3.135      0.191362
   3.138      0.190495
   3.141      0.189631
   3.144      0.188770
   3.148      0.187911
   3.151      0.187056
   3.154      0.186203
   3.157      0.185353
   3.160      0.184506
   3.163      0.183661
   3.167      0.182819
   3.170      0.181980
   3.173      0.181143
   3.176      0.180309
   3.179      0.179478
   3.182      0.178650
   3.186      0.177824
   3.189      0.177001
   3.192      0.176180
   3.195      0.175362
   3.198      0.174547
   3.201      0.173734
   3.205      0.172924
   3.208      0.172116
   3.211      0.171311
   3.214      0.170509
   3.217      0.169709
   3.220      0.168911
   3.224      0.168117
   3.227      0.167324
   3.230      0.166535
   3.233      0.165747
   3.236      0.164963
   3.239      0.164180
   3.243      0.163400
   3.246      0.162623
   3.249      0.161848
   3.252      0.161076
   3.255      0.160306
   3.258      0.159538
   3.262      0.158773
   3.265      0.158010
   3.268      0.157250
   3.271      0.156492
   3.274      0.155736
   3.277      0.154983
   3.281      0.154232
   3.284      0.153484
   3.287      0.152738
   3.290      0.151994
   3.293      0.151252
   3.296      0.150513
   3.300      0.149776
   3.303      0.149042
   3.306      0.148309
   3.309      0.147579
   3.312      0.146852
   3.315      0.146126
   3.319      0.145403
   3.322      0.144682
   3.325      0.143963
   3.328      0.143247
   3.331      0.142532
   3.334      0.141820
   3.338      0.141111
   3.341      0.140403
   3.344      0.139697
   3.347      0.138994
   3.350      0.138293
   3.353      0.137594
   3.357      0.136897
   3.360      0.136202
   3.363      0.135510
   3.366      0.134819
   3.369      0.134131
   3.372      0.133445
   3.376      0.132761
   3.379      0.132079
   3.382      0.131399
   3.385      0.130721
   3.388      0.130045
   3.391      0.129372
   3.395      0.128700
   3.398      0.128030
   3.401      0.127363
   3.404      0.126697
   3.407      0.126033
   3.410      0.125372
   3.414      0.124712
   3.417      0.124055
   3.420      0.123399
   3.423      0.122746
   3.426      0.122094
   3.429      0.121444
   3.433      0.120797
   3.436      0.120151
   3.439      0.119507
   3.442      0.118865
   3.445      0.118225
   3.448      0.117587
   3.452      0.116951
   3.455      0.116317
   3.458      0.115684
   3.461      0.115054
   3.464      0.114425
   3.467      0.113799
   3.471      0.113174
   3.474      0.112551
   3.477      0.111930
   3.480      0.111310
   3.483      0.110693
   3.486      0.110077
   3.490      0.109463
   3.493      0.108851
   3.496      0.108241
   3.499      0.107632
   3.502      0.107026
   3.505      0.106421
   3.509      0.105818
   3.512      0.105216
   3.515      0.104617
   3.518      0.104019
   3.521      0.103423
   3.524      0.102828
   3.528      0.102236
   3.531      0.101645
   3.534      0.101056
   3.537      0.100468
   3.540      0.099882
   3.543      0.099298
   3.547      0.098716
   3.550      0.098135
   3.553      0.097556
   3.556      0.096979
   3.559      0.096403
   3.562      0.095829
   3.566      0.095256
   3.569      0.094685
   3.572      0.094116
   3.575      0.093549
   3.578      0.092983
   3.581      0.092418
   3.585      0.091856
   3.588      0.091294
   3.591      0.090735
   3.594      0.090177
   3.597      0.089620
   3.600      0.089066
   3.604      0.088512
   3.607      0.087961
   3.610      0.087410
   3.613      0.086862
   3.616      0.086315
   3.619      0.085769
   3.623      0.085225
   3.626      0.084683
   3.629      0.084141
   3.632      0.083602
   3.635      0.083064
   3.638      0.082527
   3.642      0.081992
   3.645      0.081459
   3.648      0.080927
   3.651      0.080396
   3.654      0.079867
   3.657      0.079339
   3.661      0.078813
   3.664      0.078288
   3.667      0.077765
   3.670      0.077243
   3.673      0.076722
   3.676      0.076203
   3.680      0.075685
   3.683      0.075169
   3.686      0.074654
   3.689      0.074140
   3.692      0.073628
   3.695      0.073117
   3.699      0.072608
   3.702      0.072100
   3.705      0.071593
   3.708      0.071088
   3.711      0.070584
   3.714      0.070081
   3.718      0.069580
   3.721      0.069080
   3.724      0.068581
   3.727      0.068084
   3.730      0.067587
   3.733      0.067093
   3.737      0.066599
   3.740      0.066107
   3.743      0.065616
   3.746      0.065127
   3.749      0.064638
   3.752      0.064151
   3.756      0.063665
   3.759      0.063181
   3.762      0.062698
   3.765      0.062216
   3.768      0.061735
   3.771      0.061255
   3.775      0.060777
   3.778      0.060300
   3.781      0.059824
   3.784      0.059349
   3.787      0.058876
   3.790      0.058403
   3.794      0.057932
   3.797      0.057463
   3.800      0.056994
   3.803      0.056526
   3.806      0.056060
   3.809      0.055595
   3.813      0.055131
   3.816      0.054668
   3.819      0.054206
   3.822      0.053746
   3.825      0.053286
   3.828      0.052828
   3.832      0.052371
   3.835      0.051915
   3.838      0.051460
   3.841      0.051006
   3.844      0.050553
   3.847      0.050102
   3.851      0.049651
   3.854      0.049202
   3.857      0.048753
   3.860      0.048306
   3.863      0.047860
   3.866      0.047415
   3.870      0.046971
   3.873      0.046528
   3.876      0.046086
   3.879      0.045645
   3.882      0.045205
   3.885      0.044767
   3.889      0.044329
   3.892      0.043892
   3.895      0.043457
   3.898      0.043022
   3.901      0.042588
   3.904      0.042156
   3.908      0.041724
   3.911      0.041293
   3.914      0.040864
   3.917      0.040435
   3.920      0.040007
   3.923      0.039581
   3.927      0.039155
   3.930      0.038730
   3.933      0.038306
   3.936      0.037884
   3.939      0.037462
   3.942      0.037041
   3.946      0.036621
   3.949      0.036202
   3.952      0.035784
   3.955      0.035367
   3.958      0.034950
   3.961      0.034535
   3.965      0.034121
   3.968      0.033707
   3.971      0.033294
   3.974      0.032883
   3.977      0.032472
   3.980      0.032062
   3.984      0.031653
   3.987      0.031245
   3.990      0.030838
   3.993      0.030431
   3.996      0.030026
   3.999      0.029621
   4.003      0.029217
   4.006      0.028814
   4.009      0.028412
   4.012      0.028011
   4.015      0.027611
   4.018      0.027211
   4.022      0.026812
   4.025      0.026414
   4.028      0.026017
   4.031      0.025621
   4.034      0.025226
   4.037      0.024831
   4.041      0.024437
   4.044      0.024044
   4.047      0.023652
   4.050      0.023260
   4.053      0.022870
   4.056      0.022480
   4.060      0.022090
   4.063      0.021702
   4.066      0.021315
   4.069      0.020928
   4.072      0.020542
   4.075      0.020156
   4.079      0.019772
   4.082      0.019388
   4.085      0.019005
   4.088      0.018623
   4.091      0.018241
   4.094      0.017860
   4.098      0.017480
   4.101      0.017100
   4.104      0.016722
   4.107      0.016344
   4.110      0.015966
   4.113      0.015590
   4.117      0.015214
   4.120      0.014839
   4.123      0.014464
   4.126      0.014090
   4.129      0.013717
   4.132      0.013345
   4.136      0.012973
   4.139      0.012602
   4.142      0.012231
   4.145      0.011861
   4.148      0.011492
   4.151      0.011124
   4.155      0.010756
   4.158      0.010389
   4.161      0.010022
   4.164      0.009656
   4.167      0.009291
   4.170      0.008926
   4.174      0.008562
   4.177      0.008198
   4.180      0.007836
   4.183      0.007473
   4.186      0.007112
   4.189      0.006751
   4.193      0.006390
   4.196      0.006030
   4.199      0.005671
   4.202      0.005312
   4.205      0.004954
   4.208      0.004597
   4.212      0.004240
   4.215      0.003884
   4.218      0.003528
   4.221      0.003173
   4.224      0.002818
   4.227      0.002464
   4.231      0.002110
   4.234      0.001757
   4.237      0.001405
   4.240      0.001053
   4.243      0.000701
   4.246      0.000350
   4.250      0.000000
