   0.000      1.562043
   0.003      1.562035
   0.006      1.562013
   0.009      1.561977
   0.013      1.561925
   0.016      1.561859
   0.019      1.561778
   0.022      1.561682
   0.025      1.561572
   0.028      1.561446
   0.031      1.561306
   0.035      1.561151
   0.038      1.560980
   0.041      1.560795
   0.044      1.560595
   0.047      1.560379
   0.050      1.560148
   0.053      1.559902
   0.057      1.559640
   0.060      1.559362
   0.063      1.559069
   0.066      1.558760
   0.069      1.558436
   0.072      1.558095
   0.075      1.557738
   0.079      1.557365
   0.082      1.556976
   0.085      1.556570
   0.088      1.556147
   0.091      1.555707
   0.094      1.555251
   0.097      1.554777
   0.101      1.554286
   0.104      1.553778
   0.107      1.553252
   0.110      1.552708
   0.113      1.552145
   0.116      1.551565
   0.119      1.550966
   0.123      1.550349
   0.126      1.549712
   0.129      1.549057
   0.132      1.548382
   0.135      1.547688
   0.138      1.546973
   0.141      1.546239
   0.145      1.545484
   0.148      1.544709
   0.151      1.543913
   0.154      1.543096
   0.157      1.542257
   0.160      1.541397
   0.163      1.540515
   0.167      1.539611
   0.170      1.538684
   0.173      1.537734
   0.176      1.536762
   0.179      1.535766
   0.182      1.534746
   0.185      1.533702
   0.189      1.532634
   0.192      1.531541
   0.195      1.530424
   0.198      1.529281
   0.201      1.528112
   0.204      1.526918
   0.207      1.525697
   0.211      1.524450
   0.214      1.523176
   0.217      1.521875
   0.220      1.520546
   0.223      1.519190
   0.226      1.517805
   0.229      1.516392
   0.233      1.514950
   0.236      1.513479
   0.239      1.511979
   0.242      1.510448
   0.245      1.508888
   0.248      1.507297
   0.251      1.505676
   0.255      1.504024
   0.258      1.502341
   0.261      1.500626
   0.264      1.498880
   0.267      1.497101
   0.270      1.495290
   0.273      1.493447
   0.276      1.491571
   0.280      1.489663
   0.283      1.487721
   0.286      1.485745
   0.289      1.483737
   0.292      1.481694
   0.295      1.479618
   0.298      1.477508
   0.302      1.475364
   0.305      1.473186
   0.308      1.470973
   0.311      1.468726
   0.314      1.466445
   0.317      1.464129
   0.320      1.461779
   0.324      1.459395
   0.327      1.456976
   0.330      1.454523
   0.333      1.452035
   0.336      1.449514
   0.339      1.446958
   0.342      1.444368
   0.346      1.441745
   0.349      1.439088
   0.352      1.436397
   0.355      1.433673
   0.358      1.430917
   0.361      1.428127
   0.364      1.425306
   0.368      1.422452
   0.371      1.419566
   0.374      1.416649
   0.377      1.413701
   0.380      1.410723
   0.383      1.407714
   0.386      1.404675
   0.390      1.401607
   0.393      1.398511
   0.396      1.395386
   0.399      1.392234
   0.402      1.389054
   0.405      1.385848
   0.408      1.382615
   0.412      1.379358
   0.415      1.376075
   0.418      1.372768
   0.421      1.369438
   0.424      1.366085
   0.427      1.362710
   0.430      1.359314
   0.434      1.355897
   0.437      1.352460
   0.440      1.349003
   0.443      1.345529
   0.446      1.342036
   0.449      1.338527
   0.452      1.335001
   0.456      1.331460
   0.459      1.327905
   0.462      1.324335
   0.465      1.320753
   0.468      1.317158
   0.471      1.313552
   0.474      1.309936
   0.478      1.306310
   0.481      1.302674
   0.484      1.299031
   0.487      1.295380
   0.490      1.291723
   0.493      1.288059
   0.496      1.284391
   0.500      1.280719
   0.503      1.277043
   0.506      1.273365
   0.509      1.269685
   0.512      1.266004
   0.515      1.262322
   0.518      1.258641
   0.522      1.254961
   0.525      1.251283
   0.528      1.247607
   0.531      1.243935
   0.534      1.240267
   0.537      1.236604
   0.540      1.232945
   0.544      1.229293
   0.547      1.225648
   0.550      1.222010
   0.553      1.218380
   0.556      1.214758
   0.559      1.211145
   0.562      1.207543
   0.566      1.203950
   0.569      1.200369
   0.572      1.196798
   0.575      1.193240
   0.578      1.189694
   0.581      1.186161
   0.584      1.182641
   0.588      1.179135
   0.591      1.175643
   0.594      1.172166
   0.597      1.168705
   0.600      1.165259
   0.603      1.161828
   0.606      1.158414
   0.610      1.155017
   0.613      1.151637
   0.616      1.148274
   0.619      1.144929
   0.622      1.141602
   0.625      1.138293
   0.628      1.135002
   0.632      1.131731
   0.635      1.128478
   0.638      1.125245
   0.641      1.122031
   0.644      1.118837
   0.647      1.115662
   0.650      1.112508
   0.654      1.109374
   0.657      1.106261
   0.660      1.103168
   0.663      1.100095
   0.666      1.097044
   0.669      1.094013
   0.672      1.091003
   0.676      1.088014
   0.679      1.085047
   0.682      1.082100
   0.685      1.079175
   0.688      1.076271
   0.691      1.073389
   0.694      1.070527
   0.698      1.067687
   0.701      1.064868
   0.704      1.062071
   0.707      1.059294
   0.710      1.056539
   0.713      1.053806
   0.716      1.051093
   0.720      1.048401
   0.723      1.045731
   0.726      1.043081
   0.729      1.040452
   0.732      1.037844
   0.735      1.035256
   0.738      1.032689
   0.742      1.030143
   0.745      1.027616
   0.748      1.025110
   0.751      1.022625
   0.754      1.020158
   0.757      1.017712
   0.760      1.015286
   0.764      1.012878
   0.767      1.010491
   0.770      1.008122
   0.773      1.005772
   0.776      1.003441
   0.779      1.001129
   0.782      0.998835
   0.785      0.996559
   0.789      0.994302
   0.792      0.992062
   0.795      0.989840
   0.798      0.987636
   0.801      0.985449
   0.804      0.983279
   0.807      0.981126
   0.811      0.978989
   0.814      0.976869
   0.817      0.974765
   0.820      0.972677
   0.823      0.970606
   0.826      0.968549
   0.829      0.966508
   0.833      0.964482
   0.836      0.962472
   0.839      0.960475
   0.842      0.958494
   0.845      0.956526
   0.848      0.954573
   0.851      0.952634
   0.855      0.950708
   0.858      0.948795
   0.861      0.946896
   0.864      0.945010
   0.867      0.943136
   0.870      0.941275
   0.873      0.939426
   0.877      0.937589
   0.880      0.935764
   0.883      0.933951
   0.886      0.932149
   0.889      0.930358
   0.892      0.928579
   0.895      0.926810
   0.899      0.925051
   0.902      0.923303
   0.905      0.921565
   0.908      0.919837
   0.911      0.918119
   0.914      0.916410
   0.917      0.914711
   0.921      0.913021
   0.924      0.911339
   0.927      0.909667
   0.930      0.908003
   0.933      0.906347
   0.936      0.904699
   0.939      0.903060
   0.943      0.901428
   0.946      0.899804
   0.949      0.898187
   0.952      0.896578
   0.955      0.894975
   0.958      0.893380
   0.961      0.891791
   0.965      0.890209
   0.968      0.888633
   0.971      0.887064
   0.974      0.885501
   0.977      0.883943
   0.980      0.882392
   0.983      0.880846
   0.987      0.879305
   0.990      0.877770
   0.993      0.876241
   0.996      0.874716
   0.999      0.873196
   1.002      0.871681
   1.005      0.870171
   1.009      0.868665
   1.012      0.867163
   1.015      0.865666
   1.018      0.864173
   1.021      0.862685
   1.024      0.861200
   1.027      0.859719
   1.031      0.858241
   1.034      0.856768
   1.037      0.855298
   1.040      0.853831
   1.043      0.852367
   1.046      0.850907
   1.049      0.849450
   1.053      0.847996
   1.056      0.846545
   1.059      0.845097
   1.062      0.843651
   1.065      0.842209
   1.068      0.840769
   1.071      0.839331
   1.075      0.837896
   1.078      0.836463
   1.081      0.835033
   1.084      0.833605
   1.087      0.832179
   1.090      0.830755
   1.093      0.829333
   1.097      0.827914
   1.100      0.826496
   1.103      0.825080
   1.106      0.823666
   1.109      0.822254
   1.112      0.820844
   1.115      0.819436
   1.119      0.818029
   1.122      0.816623
   1.125      0.815220
   1.128      0.813817
   1.131      0.812417
   1.134      0.811018
   1.137      0.809620
   1.141      0.808224
   1.144      0.806829
   1.147      0.805436
   1.150      0.804043
   1.153      0.802653
   1.156      0.801263
   1.159      0.799875
   1.163      0.798488
   1.166      0.797102
   1.169      0.795718
   1.172      0.794334
   1.175      0.792952
   1.178      0.791571
   1.181      0.790191
   1.185      0.788813
   1.188      0.787435
   1.191      0.786059
   1.194      0.784684
   1.197      0.783309
   1.200      0.781936
   1.203      0.780565
   1.207      0.779194
   1.210      0.777824
   1.213      0.776456
   1.216      0.775088
   1.219      0.773722
   1.222      0.772357
   1.225      0.770993
   1.229      0.769630
   1.232      0.768268
   1.235      0.766908
   1.238      0.765548
   1.241      0.764190
   1.244      0.762833
   1.247      0.761477
   1.251      0.760122
   1.254      0.758768
   1.257      0.757416
   1.260      0.756065
   1.263      0.754714
   1.266      0.753366
   1.269      0.752018
   1.273      0.750672
   1.276      0.749327
   1.279      0.747983
   1.282      0.746641
   1.285      0.745300
   1.288      0.743960
   1.291      0.742621
   1.294      0.741284
   1.298      0.739949
   1.301      0.738614
   1.304      0.737282
   1.307      0.735950
   1.310      0.734620
   1.313      0.733292
   1.316      0.731965
   1.320      0.730639
   1.323      0.729315
   1.326      0.727992
   1.329      0.726672
   1.332      0.725352
   1.335      0.724034
   1.338      0.722718
   1.342      0.721404
   1.345      0.720091
   1.348      0.718780
   1.351      0.717470
   1.354      0.716162
   1.357      0.714856
   1.360      0.713552
   1.364      0.712249
   1.367      0.710948
   1.370      0.709649
   1.373      0.708352
   1.376      0.707057
   1.379      0.705763
   1.382      0.704472
   1.386      0.703182
   1.389      0.701894
   1.392      0.700608
   1.395      0.699324
   1.398      0.698042
   1.401      0.696762
   1.404      0.695484
   1.408      0.694209
   1.411      0.692935
   1.414      0.691663
   1.417      0.690393
   1.420      0.689125
   1.423      0.687860
   1.426      0.686597
   1.430      0.685335
   1.433      0.684076
   1.436      0.682819
   1.439      0.681565
   1.442      0.680312
   1.445      0.679062
   1.448      0.677814
   1.452      0.676568
   1.455      0.675325
   1.458      0.674084
   1.461      0.672845
   1.464      0.671609
   1.467      0.670374
   1.470      0.669143
   1.474      0.667913
   1.477      0.666686
   1.480      0.665462
   1.483      0.664239
   1.486      0.663020
   1.489      0.661802
   1.492      0.660587
   1.496      0.659375
   1.499      0.658165
   1.502      0.656958
   1.505      0.655753
   1.508      0.654550
   1.511      0.653350
   1.514      0.652153
   1.518      0.650958
   1.521      0.649766
   1.524      0.648576
   1.527      0.647389
   1.530      0.646205
   1.533      0.645023
   1.536      0.643844
   1.540      0.642667
   1.543      0.641493
   1.546      0.640322
   1.549      0.639153
   1.552      0.637987
   1.555      0.636824
   1.558      0.635663
   1.562      0.634505
   1.565      0.633350
   1.568      0.632197
   1.571      0.631047
   1.574      0.629900
   1.577      0.628755
   1.580      0.627614
   1.584      0.626475
   1.587      0.625338
   1.590      0.624205
   1.593      0.623074
   1.596      0.621946
   1.599      0.620821
   1.602      0.619698
   1.606      0.618579
   1.609      0.617462
   1.612      0.616348
   1.615      0.615236
   1.618      0.614128
   1.621      0.613022
   1.624      0.611919
   1.628      0.610819
   1.631      0.609722
   1.634      0.608627
   1.637      0.607535
   1.640      0.606446
   1.643      0.605360
   1.646      0.604277
   1.650      0.603197
   1.653      0.602119
   1.656      0.601044
   1.659      0.599972
   1.662      0.598903
   1.665      0.597837
   1.668      0.596773
   1.672      0.595712
   1.675      0.594655
   1.678      0.593600
   1.681      0.592547
   1.684      0.591498
   1.687      0.590452
   1.690      0.589408
   1.694      0.588367
   1.697      0.587329
   1.700      0.586294
   1.703      0.585262
   1.706      0.584232
   1.709      0.583205
   1.712      0.582182
   1.716      0.581161
   1.719      0.580142
   1.722      0.579127
   1.725      0.578114
   1.728      0.577105
   1.731      0.576098
   1.734      0.575094
   1.738      0.574092
   1.741      0.573094
   1.744      0.572098
   1.747      0.571105
   1.750      0.570115
   1.753      0.569128
   1.756      0.568144
   1.760      0.567162
   1.763      0.566183
   1.766      0.565207
   1.769      0.564234
   1.772      0.563263
   1.775      0.562295
   1.778      0.561330
   1.782      0.560368
   1.785      0.559409
   1.788      0.558452
   1.791      0.557498
   1.794      0.556547
   1.797      0.555598
   1.800      0.554653
   1.804      0.553710
   1.807      0.552770
   1.810      0.551832
   1.813      0.550897
   1.816      0.549965
   1.819      0.549036
   1.822      0.548109
   1.825      0.547186
   1.829      0.546264
   1.832      0.545346
   1.835      0.544430
   1.838      0.543517
   1.841      0.542606
   1.844      0.541699
   1.847      0.540794
   1.851      0.539891
   1.854      0.538991
   1.857      0.538094
   1.860      0.537200
   1.863      0.536308
   1.866      0.535419
   1.869      0.534532
   1.873      0.533648
   1.876      0.532767
   1.879      0.531888
   1.882      0.531012
   1.885      0.530138
   1.888      0.529267
   1.891      0.528399
   1.895      0.527533
   1.898      0.526670
   1.901      0.525809
   1.904      0.524951
   1.907      0.524095
   1.910      0.523242
   1.913      0.522392
   1.917      0.521544
   1.920      0.520698
   1.923      0.519855
   1.926      0.519015
   1.929      0.518177
   1.932      0.517342
   1.935      0.516509
   1.939      0.515678
   1.942      0.514850
   1.945      0.514025
   1.948      0.513202
   1.951      0.512381
   1.954      0.511563
   1.957      0.510747
   1.961      0.509934
   1.964      0.509123
   1.967      0.508315
   1.970      0.507509
   1.973      0.506705
   1.976      0.505904
   1.979      0.505105
   1.983      0.504308
   1.986      0.503514
   1.989      0.502723
   1.992      0.501933
   1.995      0.501146
   1.998      0.500362
   2.001      0.499579
   2.005      0.498799
   2.008      0.498022
   2.011      0.497246
   2.014      0.496473
   2.017      0.495702
   2.020      0.494934
   2.023      0.494168
   2.027      0.493404
   2.030      0.492642
   2.033      0.491883
   2.036      0.491126
   2.039      0.490371
   2.042      0.489618
   2.045      0.488868
   2.049      0.488119
   2.052      0.487373
   2.055      0.486630
   2.058      0.485888
   2.061      0.485149
   2.064      0.484411
   2.067      0.483676
   2.071      0.482944
   2.074      0.482213
   2.077      0.481484
   2.080      0.480758
   2.083      0.480034
   2.086      0.479312
   2.089      0.478592
   2.093      0.477874
   2.096      0.477158
   2.099      0.476444
   2.102      0.475733
   2.105      0.475023
   2.108      0.474316
   2.111      0.473611
   2.115      0.472907
   2.118      0.472206
   2.121      0.471507
   2.124      0.470810
   2.127      0.470115
   2.130      0.469422
   2.133      0.468731
   2.137      0.468041
   2.140      0.467354
   2.143      0.466669
   2.146      0.465986
   2.149      0.465305
   2.152      0.464626
   2.155      0.463949
   2.159      0.463274
   2.162      0.462601
   2.165      0.461929
   2.168      0.461260
   2.171      0.460592
   2.174      0.459927
   2.177      0.459263
   2.181      0.458602
   2.184      0.457942
   2.187      0.457284
   2.190      0.456628
   2.193      0.455974
   2.196      0.455321
   2.199      0.454671
   2.203      0.454022
   2.206      0.453376
   2.209      0.452731
   2.212      0.452088
   2.215      0.451446
   2.218      0.450807
   2.221      0.450169
   2.225      0.449534
   2.228      0.448899
   2.231      0.448267
   2.234      0.447637
   2.237      0.447008
   2.240      0.446381
   2.243      0.445756
   2.247      0.445132
   2.250      0.444511
   2.253      0.443891
   2.256      0.443273
   2.259      0.442656
   2.262      0.442041
   2.265      0.441428
   2.269      0.440817
   2.272      0.440207
   2.275      0.439599
   2.278      0.438993
   2.281      0.438388
   2.284      0.437785
   2.287      0.437184
   2.291      0.436584
   2.294      0.435986
   2.297      0.435390
   2.300      0.434795
   2.303      0.434202
   2.306      0.433610
   2.309      0.433020
   2.313      0.432432
   2.316      0.431845
   2.319      0.431260
   2.322      0.430676
   2.325      0.430094
   2.328      0.429514
   2.331      0.428935
   2.334      0.428358
   2.338      0.427782
   2.341      0.427208
   2.344      0.426635
   2.347      0.426064
   2.350      0.425494
   2.353      0.424926
   2.356      0.424360
   2.360      0.423795
   2.363      0.423231
   2.366      0.422669
   2.369      0.422108
   2.372      0.421549
   2.375      0.420992
   2.378      0.420436
   2.382      0.419881
   2.385      0.419328
   2.388      0.418776
   2.391      0.418226
   2.394      0.417677
   2.397      0.417129
   2.400      0.416583
   2.404      0.416039
   2.407      0.415496
   2.410      0.414954
   2.413      0.414414
   2.416      0.413875
   2.419      0.413337
   2.422      0.412801
   2.426      0.412266
   2.429      0.411733
   2.432      0.411201
   2.435      0.410671
   2.438      0.410141
   2.441      0.409614
   2.444      0.409087
   2.448      0.408562
   2.451      0.408038
   2.454      0.407516
   2.457      0.406995
   2.460      0.406475
   2.463      0.405956
   2.466      0.405439
   2.470      0.404923
   2.473      0.404409
   2.476      0.403896
   2.479      0.403384
   2.482      0.402873
   2.485      0.402364
   2.488      0.401856
   2.492      0.401349
   2.495      0.400843
   2.498      0.400339
   2.501      0.399836
   2.504      0.399335
   2.507      0.398834
   2.510      0.398335
   2.514      0.397837
