   0.000      1.500273
   0.003      1.500269
   0.006      1.500257
   0.009      1.500237
   0.013      1.500209
   0.016      1.500173
   0.019      1.500130
   0.022      1.500078
   0.025      1.500018
   0.028      1.499950
   0.031      1.499874
   0.035      1.499789
   0.038      1.499697
   0.041      1.499597
   0.044      1.499489
   0.047      1.499372
   0.050      1.499247
   0.053      1.499114
   0.057      1.498973
   0.060      1.498823
   0.063      1.498666
   0.066      1.498499
   0.069      1.498325
   0.072      1.498142
   0.075      1.497951
   0.079      1.497751
   0.082      1.497542
   0.085      1.497325
   0.088      1.497099
   0.091      1.496865
   0.094      1.496622
   0.097      1.496370
   0.101      1.496109
   0.104      1.495839
   0.107      1.495560
   0.110      1.495272
   0.113      1.494975
   0.116      1.494669
   0.119      1.494353
   0.123      1.494028
   0.126      1.493694
   0.129      1.493350
   0.132      1.492997
   0.135      1.492634
   0.138      1.492261
   0.141      1.491879
   0.145      1.491486
   0.148      1.491084
   0.151      1.490671
   0.154      1.490248
   0.157      1.489815
   0.160      1.489372
   0.163      1.488918
   0.167      1.488453
   0.170      1.487978
   0.173      1.487492
   0.176      1.486995
   0.179      1.486487
   0.182      1.485967
   0.185      1.485437
   0.189      1.484895
   0.192      1.484342
   0.195      1.483777
   0.198      1.483200
   0.201      1.482612
   0.204      1.482011
   0.207      1.481399
   0.211      1.480774
   0.214      1.480136
   0.217      1.479487
   0.220      1.478824
   0.223      1.478149
   0.226      1.477461
   0.229      1.476760
   0.233      1.476046
   0.236      1.475318
   0.239      1.474577
   0.242      1.473822
   0.245      1.473054
   0.248      1.472271
   0.251      1.471475
   0.255      1.470665
   0.258      1.469840
   0.261      1.469000
   0.264      1.468147
   0.267      1.467278
   0.270      1.466394
   0.273      1.465496
   0.276      1.464582
   0.280      1.463653
   0.283      1.462708
   0.286      1.461748
   0.289      1.460772
   0.292      1.459781
   0.295      1.458773
   0.298      1.457749
   0.302      1.456709
   0.305      1.455652
   0.308      1.454579
   0.311      1.453489
   0.314      1.452382
   0.317      1.451259
   0.320      1.450118
   0.324      1.448960
   0.327      1.447785
   0.330      1.446592
   0.333      1.445382
   0.336      1.444155
   0.339      1.442909
   0.342      1.441646
   0.346      1.440365
   0.349      1.439066
   0.352      1.437749
   0.355      1.436413
   0.358      1.435060
   0.361      1.433688
   0.364      1.432298
   0.368      1.430889
   0.371      1.429462
   0.374      1.428016
   0.377      1.426552
   0.380      1.425069
   0.383      1.423567
   0.386      1.422047
   0.390      1.420508
   0.393      1.418950
   0.396      1.417373
   0.399      1.415778
   0.402      1.414164
   0.405      1.412531
   0.408      1.410880
   0.412      1.409209
   0.415      1.407520
   0.418      1.405813
   0.421      1.404087
   0.424      1.402342
   0.427      1.400579
   0.430      1.398797
   0.434      1.396997
   0.437      1.395179
   0.440      1.393342
   0.443      1.391487
   0.446      1.389614
   0.449      1.387724
   0.452      1.385815
   0.456      1.383889
   0.459      1.381945
   0.462      1.379984
   0.465      1.378005
   0.468      1.376009
   0.471      1.373996
   0.474      1.371966
   0.478      1.369919
   0.481      1.367856
   0.484      1.365776
   0.487      1.363680
   0.490      1.361568
   0.493      1.359439
   0.496      1.357296
   0.500      1.355136
   0.503      1.352961
   0.506      1.350771
   0.509      1.348566
   0.512      1.346346
   0.515      1.344112
   0.518      1.341863
   0.522      1.339600
   0.525      1.337323
   0.528      1.335033
   0.531      1.332729
   0.534      1.330411
   0.537      1.328081
   0.540      1.325738
   0.544      1.323382
   0.547      1.321014
   0.550      1.318633
   0.553      1.316241
   0.556      1.313837
   0.559      1.311422
   0.562      1.308995
   0.566      1.306558
   0.569      1.304110
   0.572      1.301651
   0.575      1.299183
   0.578      1.296704
   0.581      1.294216
   0.584      1.291718
   0.588      1.289210
   0.591      1.286694
   0.594      1.284169
   0.597      1.281636
   0.600      1.279094
   0.603      1.276544
   0.606      1.273986
   0.610      1.271421
   0.613      1.268848
   0.616      1.266268
   0.619      1.263682
   0.622      1.261088
   0.625      1.258489
   0.628      1.255883
   0.632      1.253271
   0.635      1.250653
   0.638      1.248030
   0.641      1.245401
   0.644      1.242768
   0.647      1.240129
   0.650      1.237486
   0.654      1.234838
   0.657      1.232187
   0.660      1.229531
   0.663      1.226871
   0.666      1.224208
   0.669      1.221541
   0.672      1.218871
   0.676      1.216199
   0.679      1.213523
   0.682      1.210845
   0.685      1.208164
   0.688      1.205481
   0.691      1.202796
   0.694      1.200109
   0.698      1.197421
   0.701      1.194730
   0.704      1.192039
   0.707      1.189347
   0.710      1.186653
   0.713      1.183959
   0.716      1.181264
   0.720      1.178568
   0.723      1.175873
   0.726      1.173177
   0.729      1.170481
   0.732      1.167785
   0.735      1.165090
   0.738      1.162395
   0.742      1.159701
   0.745      1.157008
   0.748      1.154315
   0.751      1.151623
   0.754      1.148933
   0.757      1.146244
   0.760      1.143557
   0.764      1.140871
   0.767      1.138187
   0.770      1.135505
   0.773      1.132824
   0.776      1.130146
   0.779      1.127470
   0.782      1.124797
   0.785      1.122126
   0.789      1.119457
   0.792      1.116792
   0.795      1.114129
   0.798      1.111469
   0.801      1.108812
   0.804      1.106158
   0.807      1.103508
   0.811      1.100861
   0.814      1.098217
   0.817      1.095577
   0.820      1.092940
   0.823      1.090308
   0.826      1.087679
   0.829      1.085054
   0.833      1.082433
   0.836      1.079816
   0.839      1.077204
   0.842      1.074595
   0.845      1.071991
   0.848      1.069392
   0.851      1.066797
   0.855      1.064206
   0.858      1.061621
   0.861      1.059040
   0.864      1.056463
   0.867      1.053892
   0.870      1.051326
   0.873      1.048764
   0.877      1.046208
   0.880      1.043657
   0.883      1.041111
   0.886      1.038571
   0.889      1.036035
   0.892      1.033506
   0.895      1.030981
   0.899      1.028462
   0.902      1.025949
   0.905      1.023441
   0.908      1.020939
   0.911      1.018442
   0.914      1.015952
   0.917      1.013467
   0.921      1.010988
   0.924      1.008515
   0.927      1.006048
   0.930      1.003586
   0.933      1.001131
   0.936      0.998682
   0.939      0.996239
   0.943      0.993802
   0.946      0.991371
   0.949      0.988947
   0.952      0.986529
   0.955      0.984117
   0.958      0.981711
   0.961      0.979312
   0.965      0.976919
   0.968      0.974532
   0.971      0.972152
   0.974      0.969778
   0.977      0.967411
   0.980      0.965050
   0.983      0.962695
   0.987      0.960348
   0.990      0.958006
   0.993      0.955672
   0.996      0.953344
   0.999      0.951022
   1.002      0.948708
   1.005      0.946400
   1.009      0.944098
   1.012      0.941803
   1.015      0.939515
   1.018      0.937234
   1.021      0.934959
   1.024      0.932691
   1.027      0.930430
   1.031      0.928176
   1.034      0.925928
   1.037      0.923688
   1.040      0.921454
   1.043      0.919226
   1.046      0.917006
   1.049      0.914793
   1.053      0.912586
   1.056      0.910386
   1.059      0.908193
   1.062      0.906007
   1.065      0.903827
   1.068      0.901655
   1.071      0.899489
   1.075      0.897330
   1.078      0.895178
   1.081      0.893033
   1.084      0.890895
   1.087      0.888763
   1.090      0.886638
   1.093      0.884521
   1.097      0.882410
   1.100      0.880306
   1.103      0.878208
   1.106      0.876118
   1.109      0.874035
   1.112      0.871958
   1.115      0.869888
   1.119      0.867825
   1.122      0.865769
   1.125      0.863719
   1.128      0.861676
   1.131      0.859641
   1.134      0.857612
   1.137      0.855589
   1.141      0.853574
   1.144      0.851565
   1.147      0.849563
   1.150      0.847568
   1.153      0.845579
   1.156      0.843598
   1.159      0.841623
   1.163      0.839654
   1.166      0.837693
   1.169      0.835738
   1.172      0.833790
   1.175      0.831848
   1.178      0.829913
   1.181      0.827985
   1.185      0.826063
   1.188      0.824148
   1.191      0.822240
   1.194      0.820338
   1.197      0.818443
   1.200      0.816554
   1.203      0.814672
   1.207      0.812797
   1.210      0.810928
   1.213      0.809065
   1.216      0.807209
   1.219      0.805360
   1.222      0.803517
   1.225      0.801680
   1.229      0.799850
   1.232      0.798026
   1.235      0.796209
   1.238      0.794398
   1.241      0.792594
   1.244      0.790796
   1.247      0.789004
   1.251      0.787218
   1.254      0.785439
   1.257      0.783666
   1.260      0.781900
   1.263      0.780139
   1.266      0.778385
   1.269      0.776637
   1.273      0.774896
   1.276      0.773160
   1.279      0.771431
   1.282      0.769708
   1.285      0.767991
   1.288      0.766280
   1.291      0.764575
   1.294      0.762876
   1.298      0.761184
   1.301      0.759497
   1.304      0.757816
   1.307      0.756142
   1.310      0.754473
   1.313      0.752811
   1.316      0.751154
   1.320      0.749504
   1.323      0.747859
   1.326      0.746220
   1.329      0.744587
   1.332      0.742960
   1.335      0.741338
   1.338      0.739723
   1.342      0.738113
   1.345      0.736509
   1.348      0.734911
   1.351      0.733319
   1.354      0.731732
   1.357      0.730151
   1.360      0.728576
   1.364      0.727006
   1.367      0.725443
   1.370      0.723884
   1.373      0.722332
   1.376      0.720784
   1.379      0.719243
   1.382      0.717707
   1.386      0.716176
   1.389      0.714651
   1.392      0.713132
   1.395      0.711618
   1.398      0.710109
   1.401      0.708606
   1.404      0.707109
   1.408      0.705616
   1.411      0.704129
   1.414      0.702648
   1.417      0.701171
   1.420      0.699700
   1.423      0.698235
   1.426      0.696774
   1.430      0.695319
   1.433      0.693869
   1.436      0.692425
   1.439      0.690985
   1.442      0.689551
   1.445      0.688122
   1.448      0.686698
   1.452      0.685279
   1.455      0.683865
   1.458      0.682456
   1.461      0.681052
   1.464      0.679654
   1.467      0.678260
   1.470      0.676871
   1.474      0.675488
   1.477      0.674109
   1.480      0.672735
   1.483      0.671366
   1.486      0.670002
   1.489      0.668643
   1.492      0.667289
   1.496      0.665940
   1.499      0.664595
   1.502      0.663255
   1.505      0.661921
   1.508      0.660590
   1.511      0.659265
   1.514      0.657944
   1.518      0.656628
   1.521      0.655317
   1.524      0.654010
   1.527      0.652708
   1.530      0.651411
   1.533      0.650118
   1.536      0.648830
   1.540      0.647546
   1.543      0.646267
   1.546      0.644993
   1.549      0.643723
   1.552      0.642457
   1.555      0.641196
   1.558      0.639940
   1.562      0.638688
   1.565      0.637440
   1.568      0.636197
   1.571      0.634958
   1.574      0.633723
   1.577      0.632493
   1.580      0.631267
   1.584      0.630046
   1.587      0.628829
   1.590      0.627616
   1.593      0.626407
   1.596      0.625203
   1.599      0.624003
   1.602      0.622807
   1.606      0.621615
   1.609      0.620428
   1.612      0.619244
   1.615      0.618065
   1.618      0.616890
   1.621      0.615719
   1.624      0.614552
   1.628      0.613389
   1.631      0.612230
   1.634      0.611075
   1.637      0.609924
   1.640      0.608778
   1.643      0.607635
   1.646      0.606496
   1.650      0.605361
   1.653      0.604230
   1.656      0.603103
   1.659      0.601980
   1.662      0.600861
   1.665      0.599746
   1.668      0.598634
   1.672      0.597526
   1.675      0.596423
   1.678      0.595323
   1.681      0.594226
   1.684      0.593134
   1.687      0.592045
   1.690      0.590960
   1.694      0.589879
   1.697      0.588801
   1.700      0.587727
   1.703      0.586657
   1.706      0.585591
   1.709      0.584528
   1.712      0.583468
   1.716      0.582413
   1.719      0.581361
   1.722      0.580312
   1.725      0.579267
   1.728      0.578226
   1.731      0.577188
   1.734      0.576154
   1.738      0.575123
   1.741      0.574096
   1.744      0.573072
   1.747      0.572051
   1.750      0.571034
   1.753      0.570021
   1.756      0.569011
   1.760      0.568004
   1.763      0.567001
   1.766      0.566001
   1.769      0.565004
   1.772      0.564011
   1.775      0.563021
   1.778      0.562034
   1.782      0.561051
   1.785      0.560071
   1.788      0.559094
   1.791      0.558121
   1.794      0.557151
   1.797      0.556184
   1.800      0.555220
   1.804      0.554259
   1.807      0.553302
   1.810      0.552347
   1.813      0.551396
   1.816      0.550448
   1.819      0.549503
   1.822      0.548562
   1.825      0.547623
   1.829      0.546688
   1.832      0.545755
   1.835      0.544826
   1.838      0.543899
   1.841      0.542976
   1.844      0.542056
   1.847      0.541138
   1.851      0.540224
   1.854      0.539313
   1.857      0.538405
   1.860      0.537499
   1.863      0.536597
   1.866      0.535697
   1.869      0.534801
   1.873      0.533907
   1.876      0.533016
   1.879      0.532128
   1.882      0.531243
   1.885      0.530361
   1.888      0.529482
   1.891      0.528606
   1.895      0.527732
   1.898      0.526861
   1.901      0.525993
   1.904      0.525128
   1.907      0.524265
   1.910      0.523405
   1.913      0.522548
   1.917      0.521694
   1.920      0.520843
   1.923      0.519994
   1.926      0.519148
   1.929      0.518304
   1.932      0.517464
   1.935      0.516626
   1.939      0.515790
   1.942      0.514957
   1.945      0.514127
   1.948      0.513300
   1.951      0.512475
   1.954      0.511652
   1.957      0.510833
   1.961      0.510016
   1.964      0.509201
   1.967      0.508389
   1.970      0.507579
   1.973      0.506772
   1.976      0.505968
   1.979      0.505166
   1.983      0.504367
   1.986      0.503570
   1.989      0.502775
   1.992      0.501983
   1.995      0.501194
   1.998      0.500406
   2.001      0.499622
   2.005      0.498840
   2.008      0.498060
   2.011      0.497282
   2.014      0.496507
   2.017      0.495735
   2.020      0.494964
   2.023      0.494196
   2.027      0.493431
   2.030      0.492668
   2.033      0.491907
   2.036      0.491148
   2.039      0.490392
   2.042      0.489638
   2.045      0.488886
   2.049      0.488137
   2.052      0.487390
   2.055      0.486645
   2.058      0.485902
   2.061      0.485162
   2.064      0.484424
   2.067      0.483688
   2.071      0.482954
   2.074      0.482223
   2.077      0.481494
   2.080      0.480767
   2.083      0.480042
   2.086      0.479319
   2.089      0.478599
   2.093      0.477880
   2.096      0.477164
   2.099      0.476450
   2.102      0.475738
   2.105      0.475028
   2.108      0.474320
   2.111      0.473614
   2.115      0.472911
   2.118      0.472209
   2.121      0.471510
   2.124      0.470812
   2.127      0.470117
   2.130      0.469424
   2.133      0.468732
   2.137      0.468043
   2.140      0.467356
   2.143      0.466671
   2.146      0.465988
   2.149      0.465306
   2.152      0.464627
   2.155      0.463950
   2.159      0.463275
   2.162      0.462601
   2.165      0.461930
   2.168      0.461260
   2.171      0.460593
   2.174      0.459927
   2.177      0.459264
   2.181      0.458602
   2.184      0.457942
   2.187      0.457284
   2.190      0.456628
   2.193      0.455974
   2.196      0.455322
   2.199      0.454671
   2.203      0.454023
   2.206      0.453376
   2.209      0.452731
   2.212      0.452088
   2.215      0.451447
   2.218      0.450807
   2.221      0.450169
   2.225      0.449534
   2.228      0.448900
   2.231      0.448267
   2.234      0.447637
   2.237      0.447008
   2.240      0.446381
   2.243      0.445756
   2.247      0.445133
   2.250      0.444511
   2.253      0.443891
   2.256      0.443273
   2.259      0.442656
   2.262      0.442041
   2.265      0.441428
   2.269      0.440817
   2.272      0.440207
   2.275      0.439599
   2.278      0.438993
   2.281      0.438388
   2.284      0.437785
   2.287      0.437184
   2.291      0.436584
   2.294      0.435986
   2.297      0.435390
   2.300      0.434795
   2.303      0.434202
   2.306      0.433610
   2.309      0.433020
   2.313      0.432432
   2.316      0.431845
   2.319      0.431260
   2.322      0.430676
   2.325      0.430094
   2.328      0.429514
   2.331      0.428935
   2.334      0.428358
   2.338      0.427782
   2.341      0.427208
   2.344      0.426635
   2.347      0.426064
   2.350      0.425494
   2.353      0.424926
   2.356      0.424360
   2.360      0.423795
   2.363      0.423231
   2.366      0.422669
   2.369      0.422108
   2.372      0.421549
   2.375      0.420992
   2.378      0.420436
   2.382      0.419881
   2.385      0.419328
   2.388      0.418776
   2.391      0.418226
   2.394      0.417677
   2.397      0.417129
   2.400      0.416583
   2.404      0.416039
   2.407      0.415496
   2.410      0.414954
   2.413      0.414414
   2.416      0.413875
   2.419      0.413337
   2.422      0.412801
   2.426      0.412267
   2.429      0.411733
   2.432      0.411201
   2.435      0.410671
   2.438      0.410141
   2.441      0.409614
   2.444      0.409087
   2.448      0.408562
   2.451      0.408038
   2.454      0.407516
   2.457      0.406995
   2.460      0.406475
   2.463      0.405956
   2.466      0.405439
   2.470      0.404923
   2.473      0.404409
   2.476      0.403896
   2.479      0.403384
   2.482      0.402873
   2.485      0.402364
   2.488      0.401856
   2.492      0.401349
   2.495      0.400844
   2.498      0.400339
   2.501      0.399836
   2.504      0.399335
   2.507      0.398834
   2.510      0.398335
   2.514      0.397837
