   0.000      1.893573
   0.003      1.893572
   0.006      1.893572
   0.009      1.893572
   0.013      1.893571
   0.016      1.893569
   0.019      1.893565
   0.022      1.893560
   0.025      1.893551
   0.028      1.893538
   0.031      1.893520
   0.035      1.893496
   0.038      1.893465
   0.041      1.893425
   0.044      1.893374
   0.047      1.893312
   0.050      1.893236
   0.053      1.893146
   0.057      1.893038
   0.060      1.892911
   0.063      1.892763
   0.066      1.892592
   0.069      1.892396
   0.072      1.892172
   0.075      1.891920
   0.079      1.891635
   0.082      1.891316
   0.085      1.890961
   0.088      1.890567
   0.091      1.890132
   0.094      1.889653
   0.097      1.889129
   0.101      1.888557
   0.104      1.887934
   0.107      1.887258
   0.110      1.886527
   0.113      1.885739
   0.116      1.884891
   0.119      1.883982
   0.123      1.883010
   0.126      1.881971
   0.129      1.880866
   0.132      1.879691
   0.135      1.878445
   0.138      1.877127
   0.141      1.875735
   0.145      1.874267
   0.148      1.872723
   0.151      1.871101
   0.154      1.869400
   0.157      1.867619
   0.160      1.865758
   0.163      1.863816
   0.167      1.861792
   0.170      1.859686
   0.173      1.857497
   0.176      1.855227
   0.179      1.852873
   0.182      1.850437
   0.185      1.847919
   0.189      1.845320
   0.192      1.842639
   0.195      1.839877
   0.198      1.837035
   0.201      1.834113
   0.204      1.831113
   0.207      1.828036
   0.211      1.824882
   0.214      1.821652
   0.217      1.818348
   0.220      1.814971
   0.223      1.811523
   0.226      1.808003
   0.229      1.804415
   0.233      1.800758
   0.236      1.797035
   0.239      1.793248
   0.242      1.789396
   0.245      1.785483
   0.248      1.781509
   0.251      1.777476
   0.255      1.773385
   0.258      1.769239
   0.261      1.765037
   0.264      1.760782
   0.267      1.756476
   0.270      1.752119
   0.273      1.747713
   0.276      1.743259
   0.280      1.738759
   0.283      1.734214
   0.286      1.729626
   0.289      1.724995
   0.292      1.720323
   0.295      1.715612
   0.298      1.710862
   0.302      1.706074
   0.305      1.701251
   0.308      1.696392
   0.311      1.691500
   0.314      1.686576
   0.317      1.681619
   0.320      1.676633
   0.324      1.671617
   0.327      1.666573
   0.330      1.661502
   0.333      1.656405
   0.336      1.651284
   0.339      1.646138
   0.342      1.640970
   0.346      1.635780
   0.349      1.630570
   0.352      1.625340
   0.355      1.620092
   0.358      1.614826
   0.361      1.609543
   0.364      1.604246
   0.368      1.598934
   0.371      1.593608
   0.374      1.588270
   0.377      1.582921
   0.380      1.577561
   0.383      1.572193
   0.386      1.566815
   0.390      1.561431
   0.393      1.556040
   0.396      1.550644
   0.399      1.545243
   0.402      1.539838
   0.405      1.534432
   0.408      1.529023
   0.412      1.523614
   0.415      1.518205
   0.418      1.512797
   0.421      1.507391
   0.424      1.501988
   0.427      1.496589
   0.430      1.491194
   0.434      1.485805
   0.437      1.480421
   0.440      1.475045
   0.443      1.469677
   0.446      1.464318
   0.449      1.458968
   0.452      1.453628
   0.456      1.448299
   0.459      1.442981
   0.462      1.437676
   0.465      1.432384
   0.468      1.427106
   0.471      1.421842
   0.474      1.416593
   0.478      1.411360
   0.481      1.406143
   0.484      1.400944
   0.487      1.395761
   0.490      1.390597
   0.493      1.385451
   0.496      1.380325
   0.500      1.375218
   0.503      1.370132
   0.506      1.365066
   0.509      1.360022
   0.512      1.354999
   0.515      1.349999
   0.518      1.345021
   0.522      1.340066
   0.525      1.335135
   0.528      1.330227
   0.531      1.325344
   0.534      1.320485
   0.537      1.315652
   0.540      1.310843
   0.544      1.306061
   0.547      1.301304
   0.550      1.296573
   0.553      1.291869
   0.556      1.287192
   0.559      1.282542
   0.562      1.277919
   0.566      1.273324
   0.569      1.268757
   0.572      1.264217
   0.575      1.259706
   0.578      1.255223
   0.581      1.250768
   0.584      1.246342
   0.588      1.241945
   0.591      1.237577
   0.594      1.233238
   0.597      1.228928
   0.600      1.224648
   0.603      1.220396
   0.606      1.216175
   0.610      1.211982
   0.613      1.207819
   0.616      1.203686
   0.619      1.199583
   0.622      1.195509
   0.625      1.191465
   0.628      1.187450
   0.632      1.183465
   0.635      1.179510
   0.638      1.175584
   0.641      1.171688
   0.644      1.167821
   0.647      1.163984
   0.650      1.160177
   0.654      1.156398
   0.657      1.152649
   0.660      1.148930
   0.663      1.145239
   0.666      1.141577
   0.669      1.137944
   0.672      1.134340
   0.676      1.130765
   0.679      1.127218
   0.682      1.123700
   0.685      1.120210
   0.688      1.116748
   0.691      1.113314
   0.694      1.109908
   0.698      1.106529
   0.701      1.103178
   0.704      1.099855
   0.707      1.096558
   0.710      1.093288
   0.713      1.090046
   0.716      1.086829
   0.720      1.083639
   0.723      1.080476
   0.726      1.077338
   0.729      1.074226
   0.732      1.071140
   0.735      1.068079
   0.738      1.065043
   0.742      1.062032
   0.745      1.059046
   0.748      1.056084
   0.751      1.053147
   0.754      1.050234
   0.757      1.047344
   0.760      1.044478
   0.764      1.041635
   0.767      1.038815
   0.770      1.036019
   0.773      1.033244
   0.776      1.030492
   0.779      1.027763
   0.782      1.025055
   0.785      1.022369
   0.789      1.019704
   0.792      1.017060
   0.795      1.014437
   0.798      1.011835
   0.801      1.009253
   0.804      1.006692
   0.807      1.004150
   0.811      1.001628
   0.814      0.999126
   0.817      0.996642
   0.820      0.994178
   0.823      0.991732
   0.826      0.989304
   0.829      0.986895
   0.833      0.984504
   0.836      0.982130
   0.839      0.979774
   0.842      0.977435
   0.845      0.975114
   0.848      0.972808
   0.851      0.970520
   0.855      0.968247
   0.858      0.965991
   0.861      0.963750
   0.864      0.961525
   0.867      0.959316
   0.870      0.957121
   0.873      0.954942
   0.877      0.952777
   0.880      0.950626
   0.883      0.948490
   0.886      0.946367
   0.889      0.944259
   0.892      0.942164
   0.895      0.940082
   0.899      0.938014
   0.902      0.935958
   0.905      0.933915
   0.908      0.931885
   0.911      0.929867
   0.914      0.927861
   0.917      0.925867
   0.921      0.923885
   0.924      0.921914
   0.927      0.919954
   0.930      0.918006
   0.933      0.916069
   0.936      0.914142
   0.939      0.912226
   0.943      0.910321
   0.946      0.908426
   0.949      0.906541
   0.952      0.904665
   0.955      0.902800
   0.958      0.900944
   0.961      0.899097
   0.965      0.897260
   0.968      0.895432
   0.971      0.893612
   0.974      0.891802
   0.977      0.890000
   0.980      0.888206
   0.983      0.886421
   0.987      0.884644
   0.990      0.882875
   0.993      0.881114
   0.996      0.879361
   0.999      0.877615
   1.002      0.875877
   1.005      0.874146
   1.009      0.872423
   1.012      0.870707
   1.015      0.868997
   1.018      0.867295
   1.021      0.865599
   1.024      0.863910
   1.027      0.862227
   1.031      0.860551
   1.034      0.858881
   1.037      0.857217
   1.040      0.855560
   1.043      0.853908
   1.046      0.852263
   1.049      0.850623
   1.053      0.848989
   1.056      0.847360
   1.059      0.845737
   1.062      0.844119
   1.065      0.842507
   1.068      0.840900
   1.071      0.839298
   1.075      0.837702
   1.078      0.836110
   1.081      0.834523
   1.084      0.832941
   1.087      0.831364
   1.090      0.829792
   1.093      0.828224
   1.097      0.826661
   1.100      0.825103
   1.103      0.823548
   1.106      0.821999
   1.109      0.820453
   1.112      0.818912
   1.115      0.817375
   1.119      0.815842
   1.122      0.814314
   1.125      0.812789
   1.128      0.811268
   1.131      0.809751
   1.134      0.808239
   1.137      0.806730
   1.141      0.805224
   1.144      0.803723
   1.147      0.802225
   1.150      0.800731
   1.153      0.799241
   1.156      0.797754
   1.159      0.796271
   1.163      0.794791
   1.166      0.793315
   1.169      0.791842
   1.172      0.790372
   1.175      0.788906
   1.178      0.787444
   1.181      0.785984
   1.185      0.784528
   1.188      0.783075
   1.191      0.781626
   1.194      0.780179
   1.197      0.778736
   1.200      0.777296
   1.203      0.775859
   1.207      0.774425
   1.210      0.772994
   1.213      0.771567
   1.216      0.770142
   1.219      0.768720
   1.222      0.767302
   1.225      0.765886
   1.229      0.764473
   1.232      0.763064
   1.235      0.761657
   1.238      0.760253
   1.241      0.758852
   1.244      0.757454
   1.247      0.756059
   1.251      0.754667
   1.254      0.753278
   1.257      0.751891
   1.260      0.750507
   1.263      0.749127
   1.266      0.747749
   1.269      0.746373
   1.273      0.745001
   1.276      0.743631
   1.279      0.742264
   1.282      0.740900
   1.285      0.739539
   1.288      0.738181
   1.291      0.736825
   1.294      0.735472
   1.298      0.734122
   1.301      0.732774
   1.304      0.731429
   1.307      0.730087
   1.310      0.728748
   1.313      0.727411
   1.316      0.726077
   1.320      0.724746
   1.323      0.723418
   1.326      0.722092
   1.329      0.720769
   1.332      0.719449
   1.335      0.718131
   1.338      0.716816
   1.342      0.715504
   1.345      0.714195
   1.348      0.712888
   1.351      0.711584
   1.354      0.710283
   1.357      0.708984
   1.360      0.707688
   1.364      0.706395
   1.367      0.705104
   1.370      0.703817
   1.373      0.702531
   1.376      0.701249
   1.379      0.699969
   1.382      0.698692
   1.386      0.697418
   1.389      0.696146
   1.392      0.694877
   1.395      0.693611
   1.398      0.692348
   1.401      0.691087
   1.404      0.689829
   1.408      0.688573
   1.411      0.687321
   1.414      0.686071
   1.417      0.684823
   1.420      0.683579
   1.423      0.682337
   1.426      0.681098
   1.430      0.679862
   1.433      0.678628
   1.436      0.677397
   1.439      0.676169
   1.442      0.674943
   1.445      0.673720
   1.448      0.672500
   1.452      0.671283
   1.455      0.670068
   1.458      0.668856
   1.461      0.667647
   1.464      0.666441
   1.467      0.665237
   1.470      0.664036
   1.474      0.662838
   1.477      0.661642
   1.480      0.660449
   1.483      0.659259
   1.486      0.658072
   1.489      0.656888
   1.492      0.655706
   1.496      0.654527
   1.499      0.653350
   1.502      0.652177
   1.505      0.651006
   1.508      0.649838
   1.511      0.648672
   1.514      0.647509
   1.518      0.646350
   1.521      0.645192
   1.524      0.644038
   1.527      0.642886
   1.530      0.641737
   1.533      0.640591
   1.536      0.639448
   1.540      0.638307
   1.543      0.637169
   1.546      0.636034
   1.549      0.634901
   1.552      0.633771
   1.555      0.632644
   1.558      0.631520
   1.562      0.630398
   1.565      0.629280
   1.568      0.628163
   1.571      0.627050
   1.574      0.625940
   1.577      0.624832
   1.580      0.623727
   1.584      0.622624
   1.587      0.621524
   1.590      0.620427
   1.593      0.619333
   1.596      0.618242
   1.599      0.617153
   1.602      0.616067
   1.606      0.614984
   1.609      0.613903
   1.612      0.612825
   1.615      0.611750
   1.618      0.610678
   1.621      0.609608
   1.624      0.608541
   1.628      0.607477
   1.631      0.606415
   1.634      0.605356
   1.637      0.604300
   1.640      0.603247
   1.643      0.602196
   1.646      0.601148
   1.650      0.600102
   1.653      0.599060
   1.656      0.598020
   1.659      0.596982
   1.662      0.595948
   1.665      0.594916
   1.668      0.593886
   1.672      0.592860
   1.675      0.591836
   1.678      0.590815
   1.681      0.589796
   1.684      0.588780
   1.687      0.587767
   1.690      0.586756
   1.694      0.585748
   1.697      0.584743
   1.700      0.583740
   1.703      0.582740
   1.706      0.581743
   1.709      0.580748
   1.712      0.579756
   1.716      0.578766
   1.719      0.577780
   1.722      0.576795
   1.725      0.575814
   1.728      0.574835
   1.731      0.573858
   1.734      0.572884
   1.738      0.571913
   1.741      0.570945
   1.744      0.569978
   1.747      0.569015
   1.750      0.568054
   1.753      0.567096
   1.756      0.566140
   1.760      0.565187
   1.763      0.564236
   1.766      0.563288
   1.769      0.562343
   1.772      0.561400
   1.775      0.560460
   1.778      0.559522
   1.782      0.558587
   1.785      0.557654
   1.788      0.556724
   1.791      0.555796
   1.794      0.554871
   1.797      0.553948
   1.800      0.553028
   1.804      0.552110
   1.807      0.551195
   1.810      0.550283
   1.813      0.549372
   1.816      0.548465
   1.819      0.547559
   1.822      0.546657
   1.825      0.545756
   1.829      0.544859
   1.832      0.543963
   1.835      0.543070
   1.838      0.542180
   1.841      0.541292
   1.844      0.540406
   1.847      0.539523
   1.851      0.538643
   1.854      0.537764
   1.857      0.536888
   1.860      0.536015
   1.863      0.535144
   1.866      0.534275
   1.869      0.533409
   1.873      0.532545
   1.876      0.531684
   1.879      0.530824
   1.882      0.529968
   1.885      0.529113
   1.888      0.528261
   1.891      0.527412
   1.895      0.526564
   1.898      0.525719
   1.901      0.524877
   1.904      0.524036
   1.907      0.523198
   1.910      0.522363
   1.913      0.521529
   1.917      0.520698
   1.920      0.519870
   1.923      0.519043
   1.926      0.518219
   1.929      0.517397
   1.932      0.516578
   1.935      0.515760
   1.939      0.514945
   1.942      0.514132
   1.945      0.513322
   1.948      0.512514
   1.951      0.511707
   1.954      0.510904
   1.957      0.510102
   1.961      0.509303
   1.964      0.508506
   1.967      0.507711
   1.970      0.506918
   1.973      0.506127
   1.976      0.505339
   1.979      0.504553
   1.983      0.503769
   1.986      0.502987
   1.989      0.502208
   1.992      0.501430
   1.995      0.500655
   1.998      0.499882
   2.001      0.499111
   2.005      0.498342
   2.008      0.497575
   2.011      0.496811
   2.014      0.496049
   2.017      0.495288
   2.020      0.494530
   2.023      0.493774
   2.027      0.493020
   2.030      0.492268
   2.033      0.491518
   2.036      0.490770
   2.039      0.490025
   2.042      0.489281
   2.045      0.488540
   2.049      0.487800
   2.052      0.487063
   2.055      0.486327
   2.058      0.485594
   2.061      0.484863
   2.064      0.484134
   2.067      0.483406
   2.071      0.482681
   2.074      0.481958
   2.077      0.481237
   2.080      0.480517
   2.083      0.479800
   2.086      0.479085
   2.089      0.478372
   2.093      0.477660
   2.096      0.476951
   2.099      0.476244
   2.102      0.475538
   2.105      0.474835
   2.108      0.474133
   2.111      0.473434
   2.115      0.472736
   2.118      0.472040
   2.121      0.471347
   2.124      0.470655
   2.127      0.469965
   2.130      0.469277
   2.133      0.468591
   2.137      0.467906
   2.140      0.467224
   2.143      0.466543
   2.146      0.465865
   2.149      0.465188
   2.152      0.464513
   2.155      0.463840
   2.159      0.463169
   2.162      0.462499
   2.165      0.461832
   2.168      0.461166
   2.171      0.460502
   2.174      0.459840
   2.177      0.459180
   2.181      0.458521
   2.184      0.457865
   2.187      0.457210
   2.190      0.456557
   2.193      0.455905
   2.196      0.455256
   2.199      0.454608
   2.203      0.453962
   2.206      0.453318
   2.209      0.452675
   2.212      0.452035
   2.215      0.451396
   2.218      0.450759
   2.221      0.450123
   2.225      0.449489
   2.228      0.448857
   2.231      0.448227
   2.234      0.447598
   2.237      0.446971
   2.240      0.446346
   2.243      0.445723
   2.247      0.445101
   2.250      0.444481
   2.253      0.443862
   2.256      0.443245
   2.259      0.442630
   2.262      0.442017
   2.265      0.441405
   2.269      0.440795
   2.272      0.440186
   2.275      0.439579
   2.278      0.438974
   2.281      0.438370
   2.284      0.437768
   2.287      0.437168
   2.291      0.436569
   2.294      0.435972
   2.297      0.435376
   2.300      0.434782
   2.303      0.434190
   2.306      0.433599
   2.309      0.433010
   2.313      0.432422
   2.316      0.431836
   2.319      0.431251
   2.322      0.430668
   2.325      0.430087
   2.328      0.429507
   2.331      0.428929
   2.334      0.428352
   2.338      0.427776
   2.341      0.427203
   2.344      0.426630
   2.347      0.426059
   2.350      0.425490
   2.353      0.424922
   2.356      0.424356
   2.360      0.423791
   2.363      0.423228
   2.366      0.422666
   2.369      0.422106
   2.372      0.421547
   2.375      0.420990
   2.378      0.420434
   2.382      0.419879
   2.385      0.419326
   2.388      0.418775
   2.391      0.418224
   2.394      0.417676
   2.397      0.417128
   2.400      0.416583
   2.404      0.416038
   2.407      0.415495
   2.410      0.414953
   2.413      0.414413
   2.416      0.413874
   2.419      0.413337
   2.422      0.412801
   2.426      0.412266
   2.429      0.411733
   2.432      0.411201
   2.435      0.410670
   2.438      0.410141
   2.441      0.409613
   2.444      0.409087
   2.448      0.408562
   2.451      0.408038
   2.454      0.407516
   2.457      0.406995
   2.460      0.406475
   2.463      0.405956
   2.466      0.405439
   2.470      0.404923
   2.473      0.404409
   2.476      0.403896
   2.479      0.403384
   2.482      0.402873
   2.485      0.402364
   2.488      0.401856
   2.492      0.401349
   2.495      0.400844
   2.498      0.400339
   2.501      0.399836
   2.504      0.399335
   2.507      0.398834
   2.510      0.398335
   2.514      0.397837
