   0.000      1.751236
   0.003      1.751228
   0.005      1.751208
   0.008      1.751173
   0.011      1.751125
   0.013      1.751062
   0.016      1.750986
   0.019      1.750896
   0.021      1.750792
   0.024      1.750673
   0.026      1.750540
   0.029      1.750394
   0.032      1.750232
   0.034      1.750057
   0.037      1.749866
   0.040      1.749661
   0.042      1.749442
   0.045      1.749207
   0.048      1.748957
   0.050      1.748692
   0.053      1.748412
   0.056      1.748116
   0.058      1.747804
   0.061      1.747476
   0.064      1.747132
   0.066      1.746772
   0.069      1.746395
   0.071      1.746001
   0.074      1.745590
   0.077      1.745162
   0.079      1.744716
   0.082      1.744252
   0.085      1.743770
   0.087      1.743269
   0.090      1.742750
   0.093      1.742212
   0.095      1.741654
   0.098      1.741077
   0.101      1.740479
   0.103      1.739861
   0.106      1.739222
   0.108      1.738562
   0.111      1.737881
   0.114      1.737177
   0.116      1.736451
   0.119      1.735703
   0.122      1.734931
   0.124      1.734135
   0.127      1.733315
   0.130      1.732471
   0.132      1.731601
   0.135      1.730707
   0.138      1.729786
   0.140      1.728838
   0.143      1.727864
   0.146      1.726863
   0.148      1.725833
   0.151      1.724775
   0.153      1.723688
   0.156      1.722571
   0.159      1.721425
   0.161      1.720248
   0.164      1.719040
   0.167      1.717800
   0.169      1.716529
   0.172      1.715224
   0.175      1.713887
   0.177      1.712515
   0.180      1.711110
   0.183      1.709670
   0.185      1.708194
   0.188      1.706683
   0.191      1.705135
   0.193      1.703551
   0.196      1.701930
   0.198      1.700270
   0.201      1.698573
   0.204      1.696837
   0.206      1.695062
   0.209      1.693247
   0.212      1.691393
   0.214      1.689498
   0.217      1.687563
   0.220      1.685587
   0.222      1.683569
   0.225      1.681510
   0.228      1.679409
   0.230      1.677265
   0.233      1.675080
   0.235      1.672851
   0.238      1.670580
   0.241      1.668267
   0.243      1.665910
   0.246      1.663510
   0.249      1.661067
   0.251      1.658581
   0.254      1.656052
   0.257      1.653480
   0.259      1.650864
   0.262      1.648206
   0.265      1.645506
   0.267      1.642763
   0.270      1.639977
   0.273      1.637150
   0.275      1.634281
   0.278      1.631370
   0.280      1.628419
   0.283      1.625427
   0.286      1.622396
   0.288      1.619324
   0.291      1.616214
   0.294      1.613065
   0.296      1.609878
   0.299      1.606654
   0.302      1.603393
   0.304      1.600097
   0.307      1.596765
   0.310      1.593398
   0.312      1.589998
   0.315      1.586566
   0.318      1.583101
   0.320      1.579605
   0.323      1.576078
   0.325      1.572522
   0.328      1.568938
   0.331      1.565326
   0.333      1.561688
   0.336      1.558024
   0.339      1.554335
   0.341      1.550623
   0.344      1.546888
   0.347      1.543131
   0.349      1.539354
   0.352      1.535557
   0.355      1.531742
   0.357      1.527909
   0.360      1.524060
   0.362      1.520196
   0.365      1.516317
   0.368      1.512425
   0.370      1.508520
   0.373      1.504605
   0.376      1.500679
   0.378      1.496744
   0.381      1.492802
   0.384      1.488852
   0.386      1.484896
   0.389      1.480935
   0.392      1.476970
   0.394      1.473002
   0.397      1.469032
   0.400      1.465061
   0.402      1.461089
   0.405      1.457118
   0.407      1.453149
   0.410      1.449182
   0.413      1.445219
   0.415      1.441260
   0.418      1.437307
   0.421      1.433359
   0.423      1.429418
   0.426      1.425484
   0.429      1.421559
   0.431      1.417643
   0.434      1.413737
   0.437      1.409842
   0.439      1.405958
   0.442      1.402086
   0.445      1.398226
   0.447      1.394380
   0.450      1.390548
   0.452      1.386730
   0.455      1.382928
   0.458      1.379141
   0.460      1.375371
   0.463      1.371617
   0.466      1.367881
   0.468      1.364162
   0.471      1.360462
   0.474      1.356781
   0.476      1.353119
   0.479      1.349476
   0.482      1.345854
   0.484      1.342252
   0.487      1.338670
   0.489      1.335110
   0.492      1.331572
   0.495      1.328055
   0.497      1.324560
   0.500      1.321088
   0.503      1.317638
   0.505      1.314211
   0.508      1.310807
   0.511      1.307426
   0.513      1.304069
   0.516      1.300736
   0.519      1.297426
   0.521      1.294140
   0.524      1.290879
   0.527      1.287641
   0.529      1.284428
   0.532      1.281239
   0.534      1.278075
   0.537      1.274935
   0.540      1.271820
   0.542      1.268729
   0.545      1.265663
   0.548      1.262622
   0.550      1.259605
   0.553      1.256613
   0.556      1.253645
   0.558      1.250701
   0.561      1.247782
   0.564      1.244888
   0.566      1.242017
   0.569      1.239171
   0.572      1.236349
   0.574      1.233551
   0.577      1.230777
   0.579      1.228026
   0.582      1.225299
   0.585      1.222595
   0.587      1.219915
   0.590      1.217258
   0.593      1.214623
   0.595      1.212012
   0.598      1.209422
   0.601      1.206856
   0.603      1.204311
   0.606      1.201788
   0.609      1.199287
   0.611      1.196808
   0.614      1.194349
   0.616      1.191912
   0.619      1.189496
   0.622      1.187100
   0.624      1.184724
   0.627      1.182368
   0.630      1.180033
   0.632      1.177716
   0.635      1.175419
   0.638      1.173141
   0.640      1.170882
   0.643      1.168641
   0.646      1.166419
   0.648      1.164214
   0.651      1.162027
   0.654      1.159857
   0.656      1.157704
   0.659      1.155569
   0.661      1.153449
   0.664      1.151346
   0.667      1.149259
   0.669      1.147187
   0.672      1.145131
   0.675      1.143089
   0.677      1.141063
   0.680      1.139051
   0.683      1.137053
   0.685      1.135069
   0.688      1.133099
   0.691      1.131142
   0.693      1.129198
   0.696      1.127267
   0.699      1.125348
   0.701      1.123442
   0.704      1.121547
   0.706      1.119664
   0.709      1.117792
   0.712      1.115932
   0.714      1.114082
   0.717      1.112243
   0.720      1.110414
   0.722      1.108595
   0.725      1.106785
   0.728      1.104985
   0.730      1.103195
   0.733      1.101413
   0.736      1.099640
   0.738      1.097876
   0.741      1.096119
   0.743      1.094371
   0.746      1.092630
   0.749      1.090897
   0.751      1.089171
   0.754      1.087452
   0.757      1.085740
   0.759      1.084034
   0.762      1.082335
   0.765      1.080642
   0.767      1.078955
   0.770      1.077273
   0.773      1.075597
   0.775      1.073926
   0.778      1.072260
   0.781      1.070599
   0.783      1.068943
   0.786      1.067291
   0.788      1.065643
   0.791      1.064000
   0.794      1.062361
   0.796      1.060725
   0.799      1.059093
   0.802      1.057464
   0.804      1.055839
   0.807      1.054216
   0.810      1.052597
   0.812      1.050981
   0.815      1.049367
   0.818      1.047755
   0.820      1.046146
   0.823      1.044539
   0.826      1.042935
   0.828      1.041332
   0.831      1.039731
   0.833      1.038132
   0.836      1.036534
   0.839      1.034938
   0.841      1.033343
   0.844      1.031749
   0.847      1.030157
   0.849      1.028566
   0.852      1.026975
   0.855      1.025386
   0.857      1.023797
   0.860      1.022209
   0.863      1.020621
   0.865      1.019034
   0.868      1.017448
   0.870      1.015862
   0.873      1.014276
   0.876      1.012690
   0.878      1.011105
   0.881      1.009519
   0.884      1.007934
   0.886      1.006348
   0.889      1.004763
   0.892      1.003177
   0.894      1.001592
   0.897      1.000006
   0.900      0.998419
   0.902      0.996833
   0.905      0.995246
   0.908      0.993659
   0.910      0.992071
   0.913      0.990483
   0.915      0.988894
   0.918      0.987305
   0.921      0.985716
   0.923      0.984126
   0.926      0.982535
   0.929      0.980944
   0.931      0.979352
   0.934      0.977760
   0.937      0.976167
   0.939      0.974573
   0.942      0.972979
   0.945      0.971385
   0.947      0.969789
   0.950      0.968193
   0.953      0.966597
   0.955      0.964999
   0.958      0.963402
   0.960      0.961803
   0.963      0.960204
   0.966      0.958605
   0.968      0.957005
   0.971      0.955404
   0.974      0.953803
   0.976      0.952201
   0.979      0.950599
   0.982      0.948996
   0.984      0.947393
   0.987      0.945790
   0.990      0.944186
   0.992      0.942581
   0.995      0.940977
   0.997      0.939371
   1.000      0.937766
   1.003      0.936160
   1.005      0.934554
   1.008      0.932948
   1.011      0.931342
   1.013      0.929735
   1.016      0.928128
   1.019      0.926521
   1.021      0.924914
   1.024      0.923307
   1.027      0.921700
   1.029      0.920093
   1.032      0.918487
   1.035      0.916880
   1.037      0.915273
   1.040      0.913667
   1.042      0.912060
   1.045      0.910454
   1.048      0.908848
   1.050      0.907243
   1.053      0.905638
   1.056      0.904033
   1.058      0.902429
   1.061      0.900825
   1.064      0.899222
   1.066      0.897619
   1.069      0.896017
   1.072      0.894415
   1.074      0.892815
   1.077      0.891215
   1.080      0.889615
   1.082      0.888017
   1.085      0.886419
   1.087      0.884822
   1.090      0.883226
   1.093      0.881632
   1.095      0.880038
   1.098      0.878445
   1.101      0.876853
   1.103      0.875263
   1.106      0.873673
   1.109      0.872085
   1.111      0.870498
   1.114      0.868912
   1.117      0.867328
   1.119      0.865745
   1.122      0.864163
   1.125      0.862583
   1.127      0.861005
   1.130      0.859428
   1.132      0.857852
   1.135      0.856278
   1.138      0.854706
   1.140      0.853135
   1.143      0.851566
   1.146      0.849999
   1.148      0.848434
   1.151      0.846870
   1.154      0.845309
   1.156      0.843749
   1.159      0.842191
   1.162      0.840636
   1.164      0.839082
   1.167      0.837530
   1.169      0.835980
   1.172      0.834433
   1.175      0.832887
   1.177      0.831344
   1.180      0.829803
   1.183      0.828265
   1.185      0.826728
   1.188      0.825194
   1.191      0.823662
   1.193      0.822133
   1.196      0.820606
   1.199      0.819081
   1.201      0.817559
   1.204      0.816039
   1.207      0.814522
   1.209      0.813007
   1.212      0.811495
   1.214      0.809986
   1.217      0.808479
   1.220      0.806975
   1.222      0.805474
   1.225      0.803975
   1.228      0.802479
   1.230      0.800986
   1.233      0.799495
   1.236      0.798008
   1.238      0.796523
   1.241      0.795041
   1.244      0.793562
   1.246      0.792086
   1.249      0.790612
   1.252      0.789142
   1.254      0.787675
   1.257      0.786210
   1.259      0.784749
   1.262      0.783291
   1.265      0.781835
   1.267      0.780383
   1.270      0.778934
   1.273      0.777488
   1.275      0.776045
   1.278      0.774605
   1.281      0.773169
   1.283      0.771735
   1.286      0.770305
   1.289      0.768878
   1.291      0.767454
   1.294      0.766033
   1.296      0.764616
   1.299      0.763202
   1.302      0.761791
   1.304      0.760383
   1.307      0.758979
   1.310      0.757578
   1.312      0.756180
   1.315      0.754786
   1.318      0.753395
   1.320      0.752007
   1.323      0.750623
   1.326      0.749242
   1.328      0.747864
   1.331      0.746490
   1.334      0.745119
   1.336      0.743752
   1.339      0.742388
   1.341      0.741027
   1.344      0.739670
   1.347      0.738317
   1.349      0.736967
   1.352      0.735620
   1.355      0.734277
   1.357      0.732937
   1.360      0.731600
   1.363      0.730268
   1.365      0.728938
   1.368      0.727612
   1.371      0.726290
   1.373      0.724971
   1.376      0.723656
   1.379      0.722344
   1.381      0.721035
   1.384      0.719731
   1.386      0.718429
   1.389      0.717131
   1.392      0.715837
   1.394      0.714546
   1.397      0.713259
   1.400      0.711975
   1.402      0.710695
   1.405      0.709418
   1.408      0.708145
   1.410      0.706875
   1.413      0.705609
   1.416      0.704347
   1.418      0.703088
   1.421      0.701832
   1.423      0.700580
   1.426      0.699331
   1.429      0.698087
   1.431      0.696845
   1.434      0.695607
   1.437      0.694373
   1.439      0.693142
   1.442      0.691914
   1.445      0.690691
   1.447      0.689470
   1.450      0.688253
   1.453      0.687040
   1.455      0.685830
   1.458      0.684624
   1.461      0.683421
   1.463      0.682222
   1.466      0.681026
   1.468      0.679833
   1.471      0.678644
   1.474      0.677459
   1.476      0.676277
   1.479      0.675098
   1.482      0.673923
   1.484      0.672752
   1.487      0.671584
   1.490      0.670419
   1.492      0.669258
   1.495      0.668100
   1.498      0.666946
   1.500      0.665795
   1.503      0.664647
   1.506      0.663503
   1.508      0.662362
   1.511      0.661225
   1.513      0.660091
   1.516      0.658960
   1.519      0.657833
   1.521      0.656709
   1.524      0.655589
   1.527      0.654472
   1.529      0.653358
   1.532      0.652248
   1.535      0.651141
   1.537      0.650037
   1.540      0.648937
   1.543      0.647840
   1.545      0.646746
   1.548      0.645656
   1.550      0.644568
   1.553      0.643485
   1.556      0.642404
   1.558      0.641327
   1.561      0.640253
   1.564      0.639182
   1.566      0.638114
   1.569      0.637050
   1.572      0.635989
   1.574      0.634931
   1.577      0.633876
   1.580      0.632825
   1.582      0.631777
   1.585      0.630732
   1.588      0.629690
   1.590      0.628651
   1.593      0.627615
   1.595      0.626583
   1.598      0.625554
   1.601      0.624528
   1.603      0.623505
   1.606      0.622485
   1.609      0.621468
   1.611      0.620454
   1.614      0.619444
   1.617      0.618436
   1.619      0.617432
   1.622      0.616430
   1.625      0.615432
   1.627      0.614437
   1.630      0.613444
   1.633      0.612455
   1.635      0.611469
   1.638      0.610486
   1.640      0.609505
   1.643      0.608528
   1.646      0.607554
   1.648      0.606582
   1.651      0.605614
   1.654      0.604649
   1.656      0.603686
   1.659      0.602727
   1.662      0.601770
   1.664      0.600816
   1.667      0.599866
   1.670      0.598918
   1.672      0.597973
   1.675      0.597030
   1.677      0.596091
   1.680      0.595155
   1.683      0.594221
   1.685      0.593290
   1.688      0.592362
   1.691      0.591437
   1.693      0.590515
   1.696      0.589595
   1.699      0.588678
   1.701      0.587764
   1.704      0.586853
   1.707      0.585944
   1.709      0.585039
   1.712      0.584136
   1.715      0.583235
   1.717      0.582338
   1.720      0.581443
   1.722      0.580550
   1.725      0.579661
   1.728      0.578774
   1.730      0.577890
   1.733      0.577008
   1.736      0.576129
   1.738      0.575253
   1.741      0.574379
   1.744      0.573508
   1.746      0.572640
   1.749      0.571774
   1.752      0.570911
   1.754      0.570050
   1.757      0.569192
   1.760      0.568336
   1.762      0.567483
   1.765      0.566633
   1.767      0.565785
   1.770      0.564939
   1.773      0.564096
   1.775      0.563256
   1.778      0.562418
   1.781      0.561582
   1.783      0.560749
   1.786      0.559918
   1.789      0.559090
   1.791      0.558264
   1.794      0.557441
   1.797      0.556620
   1.799      0.555802
   1.802      0.554986
   1.804      0.554172
   1.807      0.553360
   1.810      0.552552
   1.812      0.551745
   1.815      0.550941
   1.818      0.550139
   1.820      0.549339
   1.823      0.548542
   1.826      0.547747
   1.828      0.546954
   1.831      0.546164
   1.834      0.545376
   1.836      0.544590
   1.839      0.543806
   1.842      0.543025
   1.844      0.542246
   1.847      0.541469
   1.849      0.540694
   1.852      0.539922
   1.855      0.539152
   1.857      0.538384
   1.860      0.537618
   1.863      0.536854
   1.865      0.536093
   1.868      0.535333
   1.871      0.534576
   1.873      0.533821
   1.876      0.533068
   1.879      0.532317
   1.881      0.531569
   1.884      0.530822
   1.887      0.530078
   1.889      0.529335
   1.892      0.528595
   1.894      0.527857
   1.897      0.527120
   1.900      0.526386
   1.902      0.525654
   1.905      0.524924
   1.908      0.524196
   1.910      0.523470
   1.913      0.522746
   1.916      0.522024
   1.918      0.521304
   1.921      0.520586
   1.924      0.519870
   1.926      0.519156
   1.929      0.518443
   1.931      0.517733
   1.934      0.517025
   1.937      0.516319
   1.939      0.515614
   1.942      0.514912
   1.945      0.514211
   1.947      0.513513
   1.950      0.512816
   1.953      0.512121
   1.955      0.511428
   1.958      0.510737
   1.961      0.510048
   1.963      0.509360
   1.966      0.508675
   1.969      0.507991
   1.971      0.507309
   1.974      0.506629
   1.976      0.505951
   1.979      0.505274
   1.982      0.504600
   1.984      0.503927
   1.987      0.503256
   1.990      0.502587
   1.992      0.501919
   1.995      0.501254
   1.998      0.500590
   2.000      0.499928
   2.003      0.499267
   2.006      0.498609
   2.008      0.497952
   2.011      0.497296
   2.014      0.496643
   2.016      0.495991
   2.019      0.495341
   2.021      0.494693
   2.024      0.494046
   2.027      0.493401
   2.029      0.492758
   2.032      0.492116
   2.035      0.491476
   2.037      0.490838
   2.040      0.490201
   2.043      0.489566
   2.045      0.488933
   2.048      0.488301
   2.051      0.487671
   2.053      0.487043
   2.056      0.486416
   2.058      0.485791
   2.061      0.485167
   2.064      0.484545
   2.066      0.483925
   2.069      0.483306
   2.072      0.482689
   2.074      0.482073
   2.077      0.481459
   2.080      0.480846
   2.082      0.480235
   2.085      0.479626
   2.088      0.479018
   2.090      0.478412
   2.093      0.477807
   2.096      0.477204
   2.098      0.476602
   2.101      0.476002
   2.103      0.475403
   2.106      0.474806
   2.109      0.474210
   2.111      0.473616
   2.114      0.473023
   2.117      0.472432
