   0.000      1.282039
   0.003      1.282037
   0.006      1.282030
   0.010      1.282018
   0.013      1.282003
   0.016      1.281982
   0.019      1.281957
   0.023      1.281927
   0.026      1.281893
   0.029      1.281854
   0.032      1.281811
   0.036      1.281763
   0.039      1.281710
   0.042      1.281652
   0.045      1.281590
   0.049      1.281523
   0.052      1.281451
   0.055      1.281374
   0.058      1.281292
   0.062      1.281205
   0.065      1.281114
   0.068      1.281017
   0.071      1.280915
   0.075      1.280808
   0.078      1.280696
   0.081      1.280578
   0.084      1.280456
   0.088      1.280327
   0.091      1.280194
   0.094      1.280054
   0.097      1.279910
   0.100      1.279759
   0.104      1.279603
   0.107      1.279440
   0.110      1.279272
   0.113      1.279098
   0.117      1.278918
   0.120      1.278731
   0.123      1.278538
   0.126      1.278339
   0.130      1.278133
   0.133      1.277920
   0.136      1.277701
   0.139      1.277475
   0.143      1.277242
   0.146      1.277001
   0.149      1.276754
   0.152      1.276499
   0.156      1.276237
   0.159      1.275966
   0.162      1.275689
   0.165      1.275403
   0.169      1.275109
   0.172      1.274807
   0.175      1.274496
   0.178      1.274177
   0.182      1.273849
   0.185      1.273513
   0.188      1.273167
   0.191      1.272812
   0.194      1.272448
   0.198      1.272074
   0.201      1.271691
   0.204      1.271297
   0.207      1.270894
   0.211      1.270480
   0.214      1.270055
   0.217      1.269620
   0.220      1.269174
   0.224      1.268717
   0.227      1.268248
   0.230      1.267768
   0.233      1.267276
   0.237      1.266772
   0.240      1.266256
   0.243      1.265728
   0.246      1.265187
   0.250      1.264632
   0.253      1.264065
   0.256      1.263485
   0.259      1.262890
   0.263      1.262282
   0.266      1.261660
   0.269      1.261023
   0.272      1.260372
   0.276      1.259706
   0.279      1.259025
   0.282      1.258329
   0.285      1.257616
   0.288      1.256888
   0.292      1.256144
   0.295      1.255384
   0.298      1.254607
   0.301      1.253812
   0.305      1.253001
   0.308      1.252173
   0.311      1.251326
   0.314      1.250462
   0.318      1.249579
   0.321      1.248679
   0.324      1.247759
   0.327      1.246820
   0.331      1.245863
   0.334      1.244885
   0.337      1.243889
   0.340      1.242872
   0.344      1.241835
   0.347      1.240777
   0.350      1.239700
   0.353      1.238601
   0.357      1.237481
   0.360      1.236340
   0.363      1.235178
   0.366      1.233993
   0.369      1.232787
   0.373      1.231559
   0.376      1.230309
   0.379      1.229037
   0.382      1.227742
   0.386      1.226424
   0.389      1.225083
   0.392      1.223720
   0.395      1.222333
   0.399      1.220923
   0.402      1.219490
   0.405      1.218034
   0.408      1.216554
   0.412      1.215051
   0.415      1.213524
   0.418      1.211973
   0.421      1.210399
   0.425      1.208801
   0.428      1.207179
   0.431      1.205534
   0.434      1.203865
   0.438      1.202173
   0.441      1.200457
   0.444      1.198717
   0.447      1.196954
   0.451      1.195168
   0.454      1.193358
   0.457      1.191525
   0.460      1.189670
   0.463      1.187791
   0.467      1.185890
   0.470      1.183966
   0.473      1.182020
   0.476      1.180052
   0.480      1.178062
   0.483      1.176051
   0.486      1.174018
   0.489      1.171963
   0.493      1.169888
   0.496      1.167793
   0.499      1.165677
   0.502      1.163541
   0.506      1.161386
   0.509      1.159211
   0.512      1.157017
   0.515      1.154805
   0.519      1.152575
   0.522      1.150327
   0.525      1.148061
   0.528      1.145779
   0.532      1.143479
   0.535      1.141164
   0.538      1.138833
   0.541      1.136487
   0.545      1.134127
   0.548      1.131751
   0.551      1.129362
   0.554      1.126960
   0.557      1.124545
   0.561      1.122118
   0.564      1.119678
   0.567      1.117228
   0.570      1.114766
   0.574      1.112294
   0.577      1.109813
   0.580      1.107322
   0.583      1.104822
   0.587      1.102314
   0.590      1.099799
   0.593      1.097276
   0.596      1.094747
   0.600      1.092211
   0.603      1.089671
   0.606      1.087125
   0.609      1.084574
   0.613      1.082020
   0.616      1.079462
   0.619      1.076901
   0.622      1.074338
   0.626      1.071773
   0.629      1.069206
   0.632      1.066639
   0.635      1.064072
   0.639      1.061504
   0.642      1.058937
   0.645      1.056372
   0.648      1.053808
   0.651      1.051246
   0.655      1.048686
   0.658      1.046130
   0.661      1.043577
   0.664      1.041028
   0.668      1.038483
   0.671      1.035943
   0.674      1.033409
   0.677      1.030880
   0.681      1.028357
   0.684      1.025841
   0.687      1.023331
   0.690      1.020829
   0.694      1.018334
   0.697      1.015847
   0.700      1.013368
   0.703      1.010898
   0.707      1.008437
   0.710      1.005986
   0.713      1.003544
   0.716      1.001111
   0.720      0.998689
   0.723      0.996278
   0.726      0.993877
   0.729      0.991487
   0.733      0.989108
   0.736      0.986741
   0.739      0.984386
   0.742      0.982042
   0.745      0.979711
   0.749      0.977392
   0.752      0.975085
   0.755      0.972791
   0.758      0.970510
   0.762      0.968242
   0.765      0.965987
   0.768      0.963746
   0.771      0.961518
   0.775      0.959303
   0.778      0.957102
   0.781      0.954915
   0.784      0.952742
   0.788      0.950582
   0.791      0.948437
   0.794      0.946305
   0.797      0.944188
   0.801      0.942085
   0.804      0.939996
   0.807      0.937921
   0.810      0.935861
   0.814      0.933814
   0.817      0.931782
   0.820      0.929765
   0.823      0.927761
   0.827      0.925772
   0.830      0.923797
   0.833      0.921836
   0.836      0.919889
   0.839      0.917956
   0.843      0.916037
   0.846      0.914132
   0.849      0.912242
   0.852      0.910365
   0.856      0.908501
   0.859      0.906652
   0.862      0.904816
   0.865      0.902993
   0.869      0.901184
   0.872      0.899388
   0.875      0.897605
   0.878      0.895836
   0.882      0.894079
   0.885      0.892335
   0.888      0.890604
   0.891      0.888885
   0.895      0.887179
   0.898      0.885486
   0.901      0.883804
   0.904      0.882134
   0.908      0.880477
   0.911      0.878831
   0.914      0.877197
   0.917      0.875574
   0.921      0.873962
   0.924      0.872362
   0.927      0.870772
   0.930      0.869194
   0.933      0.867626
   0.937      0.866068
   0.940      0.864521
   0.943      0.862984
   0.946      0.861457
   0.950      0.859940
   0.953      0.858432
   0.956      0.856935
   0.959      0.855446
   0.963      0.853966
   0.966      0.852496
   0.969      0.851034
   0.972      0.849581
   0.976      0.848137
   0.979      0.846700
   0.982      0.845272
   0.985      0.843852
   0.989      0.842440
   0.992      0.841035
   0.995      0.839638
   0.998      0.838248
   1.002      0.836865
   1.005      0.835489
   1.008      0.834120
   1.011      0.832758
   1.014      0.831402
   1.018      0.830052
   1.021      0.828709
   1.024      0.827372
   1.027      0.826040
   1.031      0.824714
   1.034      0.823394
   1.037      0.822079
   1.040      0.820769
   1.044      0.819465
   1.047      0.818165
   1.050      0.816870
   1.053      0.815580
   1.057      0.814295
   1.060      0.813013
   1.063      0.811737
   1.066      0.810464
   1.070      0.809195
   1.073      0.807930
   1.076      0.806669
   1.079      0.805411
   1.083      0.804157
   1.086      0.802906
   1.089      0.801659
   1.092      0.800414
   1.096      0.799173
   1.099      0.797934
   1.102      0.796699
   1.105      0.795466
   1.108      0.794235
   1.112      0.793007
   1.115      0.791782
   1.118      0.790559
   1.121      0.789338
   1.125      0.788119
   1.128      0.786902
   1.131      0.785687
   1.134      0.784474
   1.138      0.783262
   1.141      0.782052
   1.144      0.780844
   1.147      0.779638
   1.151      0.778433
   1.154      0.777229
   1.157      0.776026
   1.160      0.774825
   1.164      0.773625
   1.167      0.772426
   1.170      0.771228
   1.173      0.770031
   1.177      0.768835
   1.180      0.767640
   1.183      0.766446
   1.186      0.765252
   1.190      0.764059
   1.193      0.762867
   1.196      0.761676
   1.199      0.760485
   1.202      0.759294
   1.206      0.758104
   1.209      0.756915
   1.212      0.755726
   1.215      0.754538
   1.219      0.753350
   1.222      0.752162
   1.225      0.750974
   1.228      0.749787
   1.232      0.748600
   1.235      0.747414
   1.238      0.746227
   1.241      0.745041
   1.245      0.743855
   1.248      0.742669
   1.251      0.741483
   1.254      0.740298
   1.258      0.739113
   1.261      0.737927
   1.264      0.736742
   1.267      0.735557
   1.271      0.734372
   1.274      0.733187
   1.277      0.732002
   1.280      0.730818
   1.284      0.729633
   1.287      0.728449
   1.290      0.727264
   1.293      0.726080
   1.296      0.724896
   1.300      0.723712
   1.303      0.722528
   1.306      0.721344
   1.309      0.720160
   1.313      0.718976
   1.316      0.717793
   1.319      0.716609
   1.322      0.715426
   1.326      0.714243
   1.329      0.713060
   1.332      0.711878
   1.335      0.710695
   1.339      0.709513
   1.342      0.708331
   1.345      0.707149
   1.348      0.705967
   1.352      0.704786
   1.355      0.703605
   1.358      0.702424
   1.361      0.701244
   1.365      0.700064
   1.368      0.698885
   1.371      0.697705
   1.374      0.696527
   1.378      0.695348
   1.381      0.694170
   1.384      0.692993
   1.387      0.691816
   1.390      0.690640
   1.394      0.689464
   1.397      0.688288
   1.400      0.687114
   1.403      0.685940
   1.407      0.684766
   1.410      0.683593
   1.413      0.682421
   1.416      0.681250
   1.420      0.680079
   1.423      0.678909
   1.426      0.677740
   1.429      0.676571
   1.433      0.675404
   1.436      0.674237
   1.439      0.673071
   1.442      0.671906
   1.446      0.670742
   1.449      0.669579
   1.452      0.668417
   1.455      0.667256
   1.459      0.666096
   1.462      0.664937
   1.465      0.663779
   1.468      0.662622
   1.472      0.661467
   1.475      0.660312
   1.478      0.659159
   1.481      0.658007
   1.484      0.656856
   1.488      0.655706
   1.491      0.654557
   1.494      0.653410
   1.497      0.652264
   1.501      0.651120
   1.504      0.649977
   1.507      0.648835
   1.510      0.647695
   1.514      0.646556
   1.517      0.645418
   1.520      0.644282
   1.523      0.643148
   1.527      0.642015
   1.530      0.640883
   1.533      0.639754
   1.536      0.638625
   1.540      0.637499
   1.543      0.636374
   1.546      0.635250
   1.549      0.634129
   1.553      0.633008
   1.556      0.631890
   1.559      0.630774
   1.562      0.629659
   1.566      0.628546
   1.569      0.627434
   1.572      0.626325
   1.575      0.625217
   1.578      0.624112
   1.582      0.623008
   1.585      0.621906
   1.588      0.620806
   1.591      0.619707
   1.595      0.618611
   1.598      0.617517
   1.601      0.616424
   1.604      0.615334
   1.608      0.614246
   1.611      0.613159
   1.614      0.612075
   1.617      0.610993
   1.621      0.609912
   1.624      0.608834
   1.627      0.607758
   1.630      0.606684
   1.634      0.605612
   1.637      0.604542
   1.640      0.603475
   1.643      0.602409
   1.647      0.601346
   1.650      0.600285
   1.653      0.599226
   1.656      0.598169
   1.659      0.597115
   1.663      0.596063
   1.666      0.595013
   1.669      0.593965
   1.672      0.592919
   1.676      0.591876
   1.679      0.590835
   1.682      0.589797
   1.685      0.588760
   1.689      0.587726
   1.692      0.586694
   1.695      0.585665
   1.698      0.584638
   1.702      0.583613
   1.705      0.582591
   1.708      0.581570
   1.711      0.580553
   1.715      0.579537
   1.718      0.578524
   1.721      0.577514
   1.724      0.576506
   1.728      0.575500
   1.731      0.574497
   1.734      0.573496
   1.737      0.572497
   1.741      0.571501
   1.744      0.570507
   1.747      0.569516
   1.750      0.568527
   1.753      0.567541
   1.757      0.566557
   1.760      0.565575
   1.763      0.564596
   1.766      0.563619
   1.770      0.562645
   1.773      0.561673
   1.776      0.560704
   1.779      0.559737
   1.783      0.558773
   1.786      0.557811
   1.789      0.556852
   1.792      0.555895
   1.796      0.554940
   1.799      0.553988
   1.802      0.553039
   1.805      0.552092
   1.809      0.551147
   1.812      0.550205
   1.815      0.549266
   1.818      0.548329
   1.822      0.547394
   1.825      0.546462
   1.828      0.545532
   1.831      0.544605
   1.835      0.543680
   1.838      0.542758
   1.841      0.541838
   1.844      0.540921
   1.847      0.540006
   1.851      0.539094
   1.854      0.538184
   1.857      0.537277
   1.860      0.536372
   1.864      0.535470
   1.867      0.534570
   1.870      0.533673
   1.873      0.532778
   1.877      0.531885
   1.880      0.530995
   1.883      0.530108
   1.886      0.529222
   1.890      0.528340
   1.893      0.527460
   1.896      0.526582
   1.899      0.525707
   1.903      0.524834
   1.906      0.523963
   1.909      0.523095
   1.912      0.522230
   1.916      0.521367
   1.919      0.520506
   1.922      0.519648
   1.925      0.518792
   1.929      0.517939
   1.932      0.517088
   1.935      0.516239
   1.938      0.515393
   1.941      0.514549
   1.945      0.513708
   1.948      0.512869
   1.951      0.512033
   1.954      0.511198
   1.958      0.510367
   1.961      0.509537
   1.964      0.508710
   1.967      0.507886
   1.971      0.507063
   1.974      0.506243
   1.977      0.505426
   1.980      0.504611
   1.984      0.503798
   1.987      0.502987
   1.990      0.502179
   1.993      0.501373
   1.997      0.500569
   2.000      0.499768
   2.003      0.498969
   2.006      0.498173
   2.010      0.497378
   2.013      0.496586
   2.016      0.495797
   2.019      0.495009
   2.023      0.494224
   2.026      0.493441
   2.029      0.492660
   2.032      0.491882
   2.035      0.491106
   2.039      0.490332
   2.042      0.489561
   2.045      0.488791
   2.048      0.488024
   2.052      0.487259
   2.055      0.486496
   2.058      0.485736
   2.061      0.484978
   2.065      0.484222
   2.068      0.483468
   2.071      0.482716
   2.074      0.481967
   2.078      0.481219
   2.081      0.480474
   2.084      0.479731
   2.087      0.478991
   2.091      0.478252
   2.094      0.477515
   2.097      0.476781
   2.100      0.476049
   2.104      0.475319
   2.107      0.474591
   2.110      0.473865
   2.113      0.473141
   2.117      0.472419
   2.120      0.471700
   2.123      0.470982
   2.126      0.470267
   2.129      0.469554
   2.133      0.468843
   2.136      0.468133
   2.139      0.467426
   2.142      0.466721
   2.146      0.466018
   2.149      0.465317
   2.152      0.464618
   2.155      0.463921
   2.159      0.463226
   2.162      0.462533
   2.165      0.461843
   2.168      0.461154
   2.172      0.460467
   2.175      0.459782
   2.178      0.459099
   2.181      0.458418
   2.185      0.457739
   2.188      0.457062
   2.191      0.456387
   2.194      0.455713
   2.198      0.455042
   2.201      0.454373
   2.204      0.453705
   2.207      0.453040
   2.211      0.452376
   2.214      0.451715
   2.217      0.451055
   2.220      0.450397
   2.223      0.449741
   2.227      0.449087
   2.230      0.448435
   2.233      0.447784
   2.236      0.447136
   2.240      0.446489
   2.243      0.445844
   2.246      0.445201
   2.249      0.444560
   2.253      0.443921
   2.256      0.443283
   2.259      0.442647
   2.262      0.442013
   2.266      0.441381
   2.269      0.440751
   2.272      0.440122
   2.275      0.439496
   2.279      0.438871
   2.282      0.438247
   2.285      0.437626
   2.288      0.437006
   2.292      0.436388
   2.295      0.435772
   2.298      0.435157
   2.301      0.434544
   2.304      0.433933
   2.308      0.433324
   2.311      0.432716
   2.314      0.432110
   2.317      0.431506
   2.321      0.430903
   2.324      0.430302
   2.327      0.429703
   2.330      0.429105
   2.334      0.428509
   2.337      0.427915
   2.340      0.427322
   2.343      0.426731
   2.347      0.426142
   2.350      0.425554
   2.353      0.424968
   2.356      0.424383
   2.360      0.423801
   2.363      0.423219
   2.366      0.422639
   2.369      0.422061
   2.373      0.421485
   2.376      0.420910
   2.379      0.420336
   2.382      0.419764
   2.386      0.419194
   2.389      0.418625
   2.392      0.418058
   2.395      0.417492
   2.398      0.416928
   2.402      0.416365
   2.405      0.415804
   2.408      0.415245
   2.411      0.414687
   2.415      0.414130
   2.418      0.413575
   2.421      0.413021
   2.424      0.412469
   2.428      0.411918
   2.431      0.411369
   2.434      0.410821
   2.437      0.410275
   2.441      0.409730
   2.444      0.409187
   2.447      0.408645
   2.450      0.408104
   2.454      0.407565
   2.457      0.407027
   2.460      0.406491
   2.463      0.405956
   2.467      0.405423
   2.470      0.404891
   2.473      0.404360
   2.476      0.403831
   2.480      0.403303
   2.483      0.402776
   2.486      0.402251
   2.489      0.401728
   2.492      0.401205
   2.496      0.400684
   2.499      0.400164
   2.502      0.399646
   2.505      0.399129
   2.509      0.398613
   2.512      0.398099
   2.515      0.397586
   2.518      0.397074
   2.522      0.396564
   2.525      0.396055
   2.528      0.395547
   2.531      0.395041
   2.535      0.394536
   2.538      0.394032
   2.541      0.393529
   2.544      0.393028
   2.548      0.392528
   2.551      0.392029
   2.554      0.391531
   2.557      0.391035
   2.561      0.390540
   2.564      0.390046
   2.567      0.389554
   2.570      0.389063
   2.574      0.388573
   2.577      0.388084
   2.580      0.387596
   2.583      0.387110
   2.586      0.386625
   2.590      0.386141
   2.593      0.385658
