   0.000      0.714689
   0.003      0.714737
   0.007      0.714785
   0.010      0.714865
   0.013      0.714978
   0.016      0.715122
   0.020      0.715299
   0.023      0.715508
   0.026      0.715749
   0.029      0.716022
   0.033      0.716328
   0.036      0.716666
   0.039      0.717036
   0.042      0.717438
   0.046      0.717873
   0.049      0.718339
   0.052      0.718839
   0.056      0.719370
   0.059      0.719934
   0.062      0.720531
   0.065      0.721160
   0.069      0.721821
   0.072      0.722515
   0.075      0.723241
   0.078      0.724000
   0.082      0.724791
   0.085      0.725615
   0.088      0.726472
   0.091      0.727362
   0.095      0.728284
   0.098      0.729238
   0.101      0.730226
   0.105      0.731246
   0.108      0.732299
   0.111      0.733385
   0.114      0.734504
   0.118      0.735656
   0.121      0.736840
   0.124      0.738058
   0.127      0.739309
   0.131      0.740592
   0.134      0.741909
   0.137      0.743258
   0.140      0.744641
   0.144      0.746057
   0.147      0.747506
   0.150      0.748988
   0.154      0.750504
   0.157      0.752052
   0.160      0.753634
   0.163      0.755249
   0.167      0.756898
   0.170      0.758580
   0.173      0.760295
   0.176      0.762043
   0.180      0.763825
   0.183      0.765641
   0.186      0.767490
   0.189      0.769372
   0.193      0.771288
   0.196      0.773237
   0.199      0.775220
   0.203      0.777236
   0.206      0.779286
   0.209      0.781370
   0.212      0.783487
   0.216      0.785637
   0.219      0.787822
   0.222      0.790039
   0.225      0.792291
   0.229      0.794576
   0.232      0.796895
   0.235      0.799247
   0.238      0.801633
   0.242      0.804053
   0.245      0.806506
   0.248      0.808993
   0.252      0.811514
   0.255      0.814068
   0.258      0.816656
   0.261      0.819278
   0.265      0.821933
   0.268      0.824622
   0.271      0.827344
   0.274      0.830100
   0.278      0.832890
   0.281      0.835713
   0.284      0.838569
   0.287      0.841459
   0.291      0.844382
   0.294      0.847339
   0.297      0.850329
   0.301      0.853353
   0.304      0.856410
   0.307      0.859500
   0.310      0.862623
   0.314      0.865779
   0.317      0.868969
   0.320      0.872192
   0.323      0.875447
   0.327      0.878736
   0.330      0.882057
   0.333      0.885411
   0.336      0.888798
   0.340      0.892218
   0.343      0.895670
   0.346      0.899155
   0.350      0.902672
   0.353      0.906221
   0.356      0.909802
   0.359      0.913416
   0.363      0.917062
   0.366      0.920739
   0.369      0.924448
   0.372      0.928189
   0.376      0.931962
   0.379      0.935766
   0.382      0.939601
   0.385      0.943467
   0.389      0.947364
   0.392      0.951292
   0.395      0.955251
   0.399      0.959240
   0.402      0.963260
   0.405      0.967310
   0.408      0.971390
   0.412      0.975499
   0.415      0.979639
   0.418      0.983808
   0.421      0.988006
   0.425      0.992233
   0.428      0.996489
   0.431      1.000774
   0.434      1.005087
   0.438      1.009428
   0.441      1.013797
   0.444      1.018194
   0.448      1.022618
   0.451      1.027070
   0.454      1.031549
   0.457      1.036054
   0.461      1.040585
   0.464      1.045143
   0.467      1.049727
   0.470      1.054336
   0.474      1.058970
   0.477      1.063629
   0.480      1.068313
   0.483      1.073022
   0.487      1.077754
   0.490      1.082509
   0.493      1.087288
   0.497      1.092090
   0.500      1.096915
   0.503      1.101762
   0.506      1.106630
   0.510      1.111520
   0.513      1.116432
   0.516      1.121363
   0.519      1.126315
   0.523      1.131287
   0.526      1.136279
   0.529      1.141289
   0.532      1.146318
   0.536      1.151365
   0.539      1.156430
   0.542      1.161512
   0.546      1.166611
   0.549      1.171726
   0.552      1.176857
   0.555      1.182003
   0.559      1.187164
   0.562      1.192340
   0.565      1.197529
   0.568      1.202731
   0.572      1.207947
   0.575      1.213175
   0.578      1.218414
   0.581      1.223665
   0.585      1.228926
   0.588      1.234198
   0.591      1.239479
   0.595      1.244769
   0.598      1.250067
   0.601      1.255373
   0.604      1.260686
   0.608      1.266006
   0.611      1.271332
   0.614      1.276664
   0.617      1.282000
   0.621      1.287340
   0.624      1.292684
   0.627      1.298031
   0.630      1.303380
   0.634      1.308731
   0.637      1.314083
   0.640      1.319435
   0.644      1.324787
   0.647      1.330138
   0.650      1.335487
   0.653      1.340833
   0.657      1.346177
   0.660      1.351517
   0.663      1.356853
   0.666      1.362184
   0.670      1.367509
   0.673      1.372827
   0.676      1.378138
   0.679      1.383442
   0.683      1.388736
   0.686      1.394022
   0.689      1.399297
   0.693      1.404562
   0.696      1.409815
   0.699      1.415056
   0.702      1.420285
   0.706      1.425499
   0.709      1.430699
   0.712      1.435885
   0.715      1.441054
   0.719      1.446207
   0.722      1.451343
   0.725      1.456460
   0.728      1.461559
   0.732      1.466638
   0.735      1.471698
   0.738      1.476736
   0.742      1.481752
   0.745      1.486747
   0.748      1.491718
   0.751      1.496665
   0.755      1.501588
   0.758      1.506485
   0.761      1.511357
   0.764      1.516201
   0.768      1.521019
   0.771      1.525808
   0.774      1.530568
   0.777      1.535298
   0.781      1.539999
   0.784      1.544668
   0.787      1.549306
   0.791      1.553911
   0.794      1.558483
   0.797      1.563021
   0.800      1.567525
   0.804      1.571994
   0.807      1.576427
   0.810      1.580824
   0.813      1.585184
   0.817      1.589506
   0.820      1.593789
   0.823      1.598033
   0.826      1.602238
   0.830      1.606403
   0.833      1.610526
   0.836      1.614609
   0.840      1.618649
   0.843      1.622646
   0.846      1.626600
   0.849      1.630510
   0.853      1.634376
   0.856      1.638197
   0.859      1.641972
   0.862      1.645702
   0.866      1.649384
   0.869      1.653020
   0.872      1.656608
   0.875      1.660148
   0.879      1.663639
   0.882      1.667081
   0.885      1.670473
   0.889      1.673816
   0.892      1.677108
   0.895      1.680349
   0.898      1.683539
   0.902      1.686677
   0.905      1.689762
   0.908      1.692796
   0.911      1.695776
   0.915      1.698703
   0.918      1.701576
   0.921      1.704395
   0.924      1.707160
   0.928      1.709870
   0.931      1.712526
   0.934      1.715126
   0.938      1.717670
   0.941      1.720158
   0.944      1.722591
   0.947      1.724967
   0.951      1.727286
   0.954      1.729549
   0.957      1.731755
   0.960      1.733903
   0.964      1.735994
   0.967      1.738027
   0.970      1.740003
   0.973      1.741921
   0.977      1.743780
   0.980      1.745582
   0.983      1.747325
   0.987      1.749010
   0.990      1.750637
   0.993      1.752205
   0.996      1.753714
   1.000      1.755165
   1.003      1.756558
   1.006      1.757891
   1.009      1.759166
   1.013      1.760382
   1.016      1.761540
   1.019      1.762639
   1.022      1.763679
   1.026      1.764661
   1.029      1.765585
   1.032      1.766450
   1.036      1.767257
   1.039      1.768005
   1.042      1.768696
   1.045      1.769328
   1.049      1.769903
   1.052      1.770420
   1.055      1.770879
   1.058      1.771281
   1.062      1.771626
   1.065      1.771914
   1.068      1.772145
   1.071      1.772320
   1.075      1.772438
   1.078      1.772500
   1.081      1.772506
   1.085      1.772456
   1.088      1.772351
   1.091      1.772191
   1.094      1.771976
   1.098      1.771706
   1.101      1.771382
   1.104      1.771004
   1.107      1.770572
   1.111      1.770087
   1.114      1.769549
   1.117      1.768958
   1.120      1.768315
   1.124      1.767619
   1.127      1.766872
   1.130      1.766074
   1.134      1.765224
   1.137      1.764324
   1.140      1.763374
   1.143      1.762374
   1.147      1.761324
   1.150      1.760226
   1.153      1.759079
   1.156      1.757883
   1.160      1.756639
   1.163      1.755349
   1.166      1.754011
   1.169      1.752626
   1.173      1.751195
   1.176      1.749719
   1.179      1.748197
   1.183      1.746630
   1.186      1.745019
   1.189      1.743364
   1.192      1.741666
   1.196      1.739924
   1.199      1.738139
   1.202      1.736313
   1.205      1.734444
   1.209      1.732535
   1.212      1.730584
   1.215      1.728593
   1.218      1.726563
   1.222      1.724492
   1.225      1.722383
   1.228      1.720235
   1.232      1.718050
   1.235      1.715826
   1.238      1.713566
   1.241      1.711269
   1.245      1.708936
   1.248      1.706567
   1.251      1.704163
   1.254      1.701724
   1.258      1.699250
   1.261      1.696743
   1.264      1.694203
   1.267      1.691629
   1.271      1.689024
   1.274      1.686386
   1.277      1.683716
   1.281      1.681016
   1.284      1.678285
   1.287      1.675524
   1.290      1.672733
   1.294      1.669913
   1.297      1.667064
   1.300      1.664187
   1.303      1.661282
   1.307      1.658349
   1.310      1.655390
   1.313      1.652404
   1.316      1.649391
   1.320      1.646354
   1.323      1.643290
   1.326      1.640202
   1.330      1.637090
   1.333      1.633954
   1.336      1.630794
   1.339      1.627611
   1.343      1.624405
   1.346      1.621177
   1.349      1.617927
   1.352      1.614656
   1.356      1.611364
   1.359      1.608051
   1.362      1.604717
   1.365      1.601364
   1.369      1.597992
   1.372      1.594600
   1.375      1.591189
   1.379      1.587761
   1.382      1.584314
   1.385      1.580850
   1.388      1.577368
   1.392      1.573870
   1.395      1.570356
   1.398      1.566825
   1.401      1.563278
   1.405      1.559716
   1.408      1.556140
   1.411      1.552548
   1.414      1.548942
   1.418      1.545322
   1.421      1.541689
   1.424      1.538042
   1.428      1.534382
   1.431      1.530710
   1.434      1.527025
   1.437      1.523328
   1.441      1.519620
   1.444      1.515900
   1.447      1.512169
   1.450      1.508427
   1.454      1.504675
   1.457      1.500913
   1.460      1.497141
   1.463      1.493359
   1.467      1.489568
   1.470      1.485768
   1.473      1.481960
   1.477      1.478143
   1.480      1.474318
   1.483      1.470485
   1.486      1.466644
   1.490      1.462796
   1.493      1.458941
   1.496      1.455079
   1.499      1.451211
   1.503      1.447336
   1.506      1.443455
   1.509      1.439569
   1.512      1.435676
   1.516      1.431779
   1.519      1.427877
   1.522      1.423969
   1.526      1.420057
   1.529      1.416141
   1.532      1.412221
   1.535      1.408296
   1.539      1.404368
   1.542      1.400437
   1.545      1.396502
   1.548      1.392564
   1.552      1.388623
   1.555      1.384680
   1.558      1.380734
   1.561      1.376786
   1.565      1.372836
   1.568      1.368884
   1.571      1.364930
   1.575      1.360975
   1.578      1.357019
   1.581      1.353062
   1.584      1.349103
   1.588      1.345144
   1.591      1.341185
   1.594      1.337225
   1.597      1.333265
   1.601      1.329305
   1.604      1.325345
   1.607      1.321385
   1.610      1.317426
   1.614      1.313467
   1.617      1.309509
   1.620      1.305553
   1.624      1.301597
   1.627      1.297642
   1.630      1.293689
   1.633      1.289738
   1.637      1.285788
   1.640      1.281840
   1.643      1.277894
   1.646      1.273950
   1.650      1.270008
   1.653      1.266069
   1.656      1.262132
   1.659      1.258198
   1.663      1.254267
   1.666      1.250339
   1.669      1.246413
   1.673      1.242491
   1.676      1.238572
   1.679      1.234657
   1.682      1.230745
   1.686      1.226837
   1.689      1.222932
   1.692      1.219031
   1.695      1.215134
   1.699      1.211242
   1.702      1.207353
   1.705      1.203469
   1.708      1.199589
   1.712      1.195714
   1.715      1.191843
   1.718      1.187977
   1.722      1.184116
   1.725      1.180259
   1.728      1.176408
   1.731      1.172561
   1.735      1.168720
   1.738      1.164884
   1.741      1.161054
   1.744      1.157229
   1.748      1.153409
   1.751      1.149595
   1.754      1.145786
   1.757      1.141984
   1.761      1.138187
   1.764      1.134396
   1.767      1.130611
   1.771      1.126832
   1.774      1.123059
   1.777      1.119293
   1.780      1.115532
   1.784      1.111778
   1.787      1.108031
   1.790      1.104290
   1.793      1.100555
   1.797      1.096827
   1.800      1.093106
   1.803      1.089391
   1.806      1.085684
   1.810      1.081983
   1.813      1.078289
   1.816      1.074602
   1.820      1.070922
   1.823      1.067249
   1.826      1.063583
   1.829      1.059924
   1.833      1.056273
   1.836      1.052629
   1.839      1.048992
   1.842      1.045363
   1.846      1.041741
   1.849      1.038127
   1.852      1.034520
   1.855      1.030920
   1.859      1.027329
   1.862      1.023744
   1.865      1.020168
   1.869      1.016599
   1.872      1.013039
   1.875      1.009486
   1.878      1.005940
   1.882      1.002403
   1.885      0.998874
   1.888      0.995352
   1.891      0.991839
   1.895      0.988333
   1.898      0.984836
   1.901      0.981347
   1.904      0.977866
   1.908      0.974393
   1.911      0.970928
   1.914      0.967472
   1.918      0.964023
   1.921      0.960583
   1.924      0.957152
   1.927      0.953728
   1.931      0.950313
   1.934      0.946907
   1.937      0.943508
   1.940      0.940118
   1.944      0.936737
   1.947      0.933364
   1.950      0.930000
   1.953      0.926644
   1.957      0.923296
   1.960      0.919957
   1.963      0.916627
   1.967      0.913305
   1.970      0.909992
   1.973      0.906687
   1.976      0.903391
   1.980      0.900104
   1.983      0.896825
   1.986      0.893555
   1.989      0.890294
   1.993      0.887042
   1.996      0.883798
   1.999      0.880563
   2.002      0.877336
   2.006      0.874118
   2.009      0.870909
   2.012      0.867709
   2.016      0.864518
   2.019      0.861335
   2.022      0.858161
   2.025      0.854996
   2.029      0.851840
   2.032      0.848692
   2.035      0.845554
   2.038      0.842424
   2.042      0.839303
   2.045      0.836191
   2.048      0.833087
   2.051      0.829993
   2.055      0.826907
   2.058      0.823830
   2.061      0.820762
   2.065      0.817703
   2.068      0.814653
   2.071      0.811611
   2.074      0.808579
   2.078      0.805555
   2.081      0.802540
   2.084      0.799534
   2.087      0.796536
   2.091      0.793548
   2.094      0.790568
   2.097      0.787598
   2.100      0.784636
   2.104      0.781683
   2.107      0.778738
   2.110      0.775803
   2.114      0.772876
   2.117      0.769959
   2.120      0.767050
   2.123      0.764150
   2.127      0.761258
   2.130      0.758376
   2.133      0.755502
   2.136      0.752637
   2.140      0.749781
   2.143      0.746934
   2.146      0.744095
   2.149      0.741265
   2.153      0.738444
   2.156      0.735632
   2.159      0.732828
   2.163      0.730033
   2.166      0.727247
   2.169      0.724470
   2.172      0.721701
   2.176      0.718941
   2.179      0.716190
   2.182      0.713447
   2.185      0.710713
   2.189      0.707988
   2.192      0.705271
   2.195      0.702563
   2.198      0.699863
   2.202      0.697172
   2.205      0.694490
   2.208      0.691817
   2.212      0.689152
   2.215      0.686495
   2.218      0.683847
   2.221      0.681208
   2.225      0.678577
   2.228      0.675955
   2.231      0.673341
   2.234      0.670735
   2.238      0.668139
   2.241      0.665550
   2.244      0.662970
   2.247      0.660399
   2.251      0.657836
   2.254      0.655281
   2.257      0.652735
   2.261      0.650197
   2.264      0.647667
   2.267      0.645146
   2.270      0.642633
   2.274      0.640129
   2.277      0.637632
   2.280      0.635144
   2.283      0.632665
   2.287      0.630193
   2.290      0.627730
   2.293      0.625275
   2.296      0.622828
   2.300      0.620390
   2.303      0.617960
   2.306      0.615537
   2.310      0.613123
   2.313      0.610718
   2.316      0.608320
   2.319      0.605930
   2.323      0.603548
   2.326      0.601175
   2.329      0.598809
   2.332      0.596452
   2.336      0.594102
   2.339      0.591761
   2.342      0.589427
   2.345      0.587102
   2.349      0.584784
   2.352      0.582475
   2.355      0.580173
   2.359      0.577879
   2.362      0.575593
   2.365      0.573315
   2.368      0.571044
   2.372      0.568782
   2.375      0.566527
   2.378      0.564280
   2.381      0.562041
   2.385      0.559810
   2.388      0.557586
   2.391      0.555370
   2.394      0.553161
   2.398      0.550961
   2.401      0.548768
   2.404      0.546582
   2.408      0.544405
   2.411      0.542234
   2.414      0.540072
   2.417      0.537917
   2.421      0.535769
   2.424      0.533629
   2.427      0.531496
   2.430      0.529371
   2.434      0.527254
   2.437      0.525144
   2.440      0.523041
   2.443      0.520945
   2.447      0.518857
   2.450      0.516777
   2.453      0.514703
   2.457      0.512637
   2.460      0.510579
   2.463      0.508527
   2.466      0.506483
   2.470      0.504446
   2.473      0.502416
   2.476      0.500394
   2.479      0.498379
   2.483      0.496370
   2.486      0.494369
   2.489      0.492376
   2.492      0.490389
   2.496      0.488409
   2.499      0.486436
   2.502      0.484471
   2.506      0.482512
   2.509      0.480560
   2.512      0.478616
   2.515      0.476678
   2.519      0.474747
   2.522      0.472824
   2.525      0.470907
   2.528      0.468997
   2.532      0.467093
   2.535      0.465197
   2.538      0.463308
   2.541      0.461425
   2.545      0.459549
   2.548      0.457680
   2.551      0.455817
   2.555      0.453961
   2.558      0.452112
   2.561      0.450270
   2.564      0.448434
   2.568      0.446605
   2.571      0.444783
   2.574      0.442967
   2.577      0.441158
   2.581      0.439355
   2.584      0.437559
   2.587      0.435769
   2.590      0.433986
   2.594      0.432209
   2.597      0.430439
   2.600      0.428675
   2.604      0.426918
   2.607      0.425167
   2.610      0.423422
   2.613      0.421684
   2.617      0.419952
   2.620      0.418226
   2.623      0.416507
   2.626      0.414794
   2.630      0.413087
   2.633      0.411386
   2.636      0.409692
   2.639      0.408004
   2.643      0.406322
   2.646      0.404646
   2.649      0.402976
   2.653      0.401313
   2.656      0.399655
   2.659      0.398004
   2.662      0.396358
   2.666      0.394719
   2.669      0.393086
   2.672      0.391459
   2.675      0.389837
   2.679      0.388222
   2.682      0.386612
   2.685      0.385009
   2.688      0.383411
   2.692      0.381820
   2.695      0.380234
   2.698      0.378654
   2.702      0.377080
   2.705      0.375511
   2.708      0.373949
   2.711      0.372392
   2.715      0.370841
   2.718      0.369295
   2.721      0.367756
   2.724      0.366222
   2.728      0.364693
   2.731      0.363171
   2.734      0.361654
   2.737      0.360142
   2.741      0.358636
   2.744      0.357136
   2.747      0.355642
   2.751      0.354152
   2.754      0.352669
   2.757      0.351191
   2.760      0.349718
   2.764      0.348251
   2.767      0.346789
   2.770      0.345333
   2.773      0.343882
   2.777      0.342436
   2.780      0.340996
   2.783      0.339561
   2.786      0.338131
   2.790      0.336707
   2.793      0.335288
   2.796      0.333875
   2.800      0.332466
   2.803      0.331063
   2.806      0.329665
   2.809      0.328272
   2.813      0.326885
   2.816      0.325502
   2.819      0.324125
   2.822      0.322753
   2.826      0.321386
   2.829      0.320024
   2.832      0.318667
   2.835      0.317315
   2.839      0.315968
   2.842      0.314627
   2.845      0.313290
   2.849      0.311958
   2.852      0.310631
   2.855      0.309309
   2.858      0.307993
   2.862      0.306681
   2.865      0.305373
   2.868      0.304071
   2.871      0.302774
   2.875      0.301481
   2.878      0.300193
   2.881      0.298911
   2.884      0.297632
   2.888      0.296359
   2.891      0.295090
   2.894      0.293827
   2.898      0.292567
   2.901      0.291313
   2.904      0.290063
   2.907      0.288818
   2.911      0.287578
   2.914      0.286342
   2.917      0.285111
   2.920      0.283884
   2.924      0.282662
   2.927      0.281444
   2.930      0.280232
   2.933      0.279023
   2.937      0.277819
   2.940      0.276620
   2.943      0.275425
   2.947      0.274235
   2.950      0.273049
   2.953      0.271867
   2.956      0.270690
   2.960      0.269517
   2.963      0.268349
   2.966      0.267185
   2.969      0.266026
   2.973      0.264870
   2.976      0.263719
   2.979      0.262573
   2.982      0.261430
   2.986      0.260292
   2.989      0.259159
   2.992      0.258029
   2.996      0.256904
   2.999      0.255782
   3.002      0.254666
   3.005      0.253553
   3.009      0.252444
   3.012      0.251340
   3.015      0.250239
   3.018      0.249143
   3.022      0.248051
   3.025      0.246963
   3.028      0.245879
   3.031      0.244799
   3.035      0.243723
   3.038      0.242651
   3.041      0.241583
   3.045      0.240519
   3.048      0.239460
   3.051      0.238404
   3.054      0.237352
   3.058      0.236303
   3.061      0.235259
   3.064      0.234219
   3.067      0.233183
   3.071      0.232150
   3.074      0.231122
   3.077      0.230097
   3.080      0.229076
   3.084      0.228059
   3.087      0.227045
   3.090      0.226036
   3.094      0.225030
   3.097      0.224028
   3.100      0.223029
   3.103      0.222035
   3.107      0.221044
   3.110      0.220057
   3.113      0.219073
   3.116      0.218093
   3.120      0.217117
   3.123      0.216145
   3.126      0.215176
   3.129      0.214210
   3.133      0.213249
   3.136      0.212290
   3.139      0.211336
   3.143      0.210385
   3.146      0.209437
   3.149      0.208493
   3.152      0.207553
   3.156      0.206616
   3.159      0.205682
   3.162      0.204752
   3.165      0.203826
   3.169      0.202903
   3.172      0.201983
   3.175      0.201067
   3.178      0.200154
   3.182      0.199244
   3.185      0.198338
   3.188      0.197436
   3.192      0.196536
   3.195      0.195640
   3.198      0.194748
   3.201      0.193858
   3.205      0.192972
   3.208      0.192089
   3.211      0.191210
   3.214      0.190333
   3.218      0.189460
   3.221      0.188591
   3.224      0.187724
   3.227      0.186861
   3.231      0.186000
   3.234      0.185143
   3.237      0.184290
   3.241      0.183439
   3.244      0.182591
   3.247      0.181747
   3.250      0.180906
   3.254      0.180068
   3.257      0.179232
   3.260      0.178400
   3.263      0.177572
   3.267      0.176746
   3.270      0.175923
   3.273      0.175103
   3.276      0.174286
   3.280      0.173472
   3.283      0.172662
   3.286      0.171854
   3.290      0.171049
   3.293      0.170247
   3.296      0.169448
   3.299      0.168652
   3.303      0.167859
   3.306      0.167069
   3.309      0.166282
   3.312      0.165497
   3.316      0.164716
   3.319      0.163937
   3.322      0.163162
   3.325      0.162389
   3.329      0.161619
   3.332      0.160851
   3.335      0.160087
   3.339      0.159325
   3.342      0.158566
   3.345      0.157810
   3.348      0.157057
   3.352      0.156306
   3.355      0.155558
   3.358      0.154813
   3.361      0.154071
   3.365      0.153331
   3.368      0.152594
   3.371      0.151860
   3.374      0.151128
   3.378      0.150399
   3.381      0.149673
   3.384      0.148949
   3.388      0.148228
   3.391      0.147509
   3.394      0.146794
   3.397      0.146080
   3.401      0.145370
   3.404      0.144661
   3.407      0.143956
   3.410      0.143253
   3.414      0.142553
   3.417      0.141855
   3.420      0.141159
   3.423      0.140466
   3.427      0.139776
   3.430      0.139088
   3.433      0.138403
   3.437      0.137720
   3.440      0.137039
   3.443      0.136361
   3.446      0.135685
   3.450      0.135012
   3.453      0.134342
   3.456      0.133673
   3.459      0.133007
   3.463      0.132344
   3.466      0.131682
   3.469      0.131024
   3.472      0.130367
   3.476      0.129713
   3.479      0.129061
   3.482      0.128412
   3.486      0.127765
   3.489      0.127120
   3.492      0.126477
   3.495      0.125837
   3.499      0.125199
   3.502      0.124563
   3.505      0.123930
   3.508      0.123299
   3.512      0.122670
   3.515      0.122043
   3.518      0.121419
   3.521      0.120796
   3.525      0.120176
   3.528      0.119558
   3.531      0.118943
   3.535      0.118329
   3.538      0.117718
   3.541      0.117109
   3.544      0.116502
   3.548      0.115897
   3.551      0.115294
   3.554      0.114693
   3.557      0.114095
   3.561      0.113498
   3.564      0.112904
   3.567      0.112312
   3.570      0.111721
   3.574      0.111133
   3.577      0.110547
   3.580      0.109963
   3.584      0.109381
   3.587      0.108801
   3.590      0.108223
   3.593      0.107647
   3.597      0.107073
   3.600      0.106501
   3.603      0.105931
   3.606      0.105363
   3.610      0.104797
   3.613      0.104233
   3.616      0.103671
   3.619      0.103111
   3.623      0.102553
   3.626      0.101996
   3.629      0.101442
   3.633      0.100889
   3.636      0.100339
   3.639      0.099790
   3.642      0.099243
   3.646      0.098698
   3.649      0.098155
   3.652      0.097614
   3.655      0.097075
   3.659      0.096537
   3.662      0.096001
   3.665      0.095468
   3.668      0.094936
   3.672      0.094405
   3.675      0.093877
   3.678      0.093350
   3.682      0.092825
   3.685      0.092302
   3.688      0.091781
   3.691      0.091261
   3.695      0.090744
   3.698      0.090228
   3.701      0.089713
   3.704      0.089201
   3.708      0.088690
   3.711      0.088181
   3.714      0.087673
   3.717      0.087167
   3.721      0.086663
   3.724      0.086161
   3.727      0.085660
   3.731      0.085161
   3.734      0.084664
   3.737      0.084168
   3.740      0.083674
   3.744      0.083182
   3.747      0.082691
   3.750      0.082202
   3.753      0.081714
   3.757      0.081228
   3.760      0.080744
   3.763      0.080261
   3.766      0.079780
   3.770      0.079300
   3.773      0.078822
   3.776      0.078346
   3.780      0.077871
   3.783      0.077398
   3.786      0.076926
   3.789      0.076456
   3.793      0.075987
   3.796      0.075520
   3.799      0.075054
   3.802      0.074590
   3.806      0.074127
   3.809      0.073666
   3.812      0.073206
   3.815      0.072748
   3.819      0.072291
   3.822      0.071836
   3.825      0.071382
   3.829      0.070929
   3.832      0.070479
   3.835      0.070029
   3.838      0.069581
   3.842      0.069134
   3.845      0.068689
   3.848      0.068245
   3.851      0.067803
   3.855      0.067362
   3.858      0.066922
   3.861      0.066484
   3.864      0.066047
   3.868      0.065611
   3.871      0.065177
   3.874      0.064745
   3.878      0.064313
   3.881      0.063883
   3.884      0.063454
   3.887      0.063027
   3.891      0.062601
   3.894      0.062176
   3.897      0.061752
   3.900      0.061330
   3.904      0.060909
   3.907      0.060490
   3.910      0.060072
   3.913      0.059655
   3.917      0.059239
   3.920      0.058824
   3.923      0.058411
   3.927      0.057999
   3.930      0.057588
   3.933      0.057179
   3.936      0.056771
   3.940      0.056364
   3.943      0.055958
   3.946      0.055554
   3.949      0.055150
   3.953      0.054748
   3.956      0.054347
   3.959      0.053947
   3.962      0.053549
   3.966      0.053151
   3.969      0.052755
   3.972      0.052360
   3.976      0.051966
   3.979      0.051574
   3.982      0.051182
   3.985      0.050792
   3.989      0.050403
   3.992      0.050014
   3.995      0.049627
   3.998      0.049242
   4.002      0.048857
   4.005      0.048473
   4.008      0.048091
   4.011      0.047709
   4.015      0.047329
   4.018      0.046950
   4.021      0.046571
   4.025      0.046194
   4.028      0.045818
   4.031      0.045443
   4.034      0.045069
   4.038      0.044697
   4.041      0.044325
   4.044      0.043954
   4.047      0.043584
   4.051      0.043216
   4.054      0.042848
   4.057      0.042481
   4.060      0.042116
   4.064      0.041751
   4.067      0.041388
   4.070      0.041025
   4.074      0.040663
   4.077      0.040303
   4.080      0.039943
   4.083      0.039584
   4.087      0.039227
   4.090      0.038870
   4.093      0.038514
   4.096      0.038159
   4.100      0.037806
   4.103      0.037453
   4.106      0.037101
   4.109      0.036750
   4.113      0.036400
   4.116      0.036050
   4.119      0.035702
   4.123      0.035355
   4.126      0.035008
   4.129      0.034663
   4.132      0.034318
   4.136      0.033975
   4.139      0.033632
   4.142      0.033290
   4.145      0.032949
   4.149      0.032609
   4.152      0.032269
   4.155      0.031931
   4.158      0.031593
   4.162      0.031256
   4.165      0.030920
   4.168      0.030585
   4.172      0.030251
   4.175      0.029918
   4.178      0.029585
   4.181      0.029253
   4.185      0.028923
   4.188      0.028592
   4.191      0.028263
   4.194      0.027935
   4.198      0.027607
   4.201      0.027280
   4.204      0.026954
   4.207      0.026629
   4.211      0.026304
   4.214      0.025980
   4.217      0.025657
   4.221      0.025335
   4.224      0.025014
   4.227      0.024693
   4.230      0.024373
   4.234      0.024054
   4.237      0.023735
   4.240      0.023418
   4.243      0.023101
   4.247      0.022785
   4.250      0.022469
   4.253      0.022154
   4.256      0.021840
   4.260      0.021527
   4.263      0.021214
   4.266      0.020902
   4.270      0.020591
   4.273      0.020280
   4.276      0.019970
   4.279      0.019661
   4.283      0.019353
   4.286      0.019045
   4.289      0.018737
   4.292      0.018431
   4.296      0.018125
   4.299      0.017820
   4.302      0.017515
   4.305      0.017211
   4.309      0.016908
   4.312      0.016606
   4.315      0.016304
   4.319      0.016002
   4.322      0.015701
   4.325      0.015401
   4.328      0.015102
   4.332      0.014803
   4.335      0.014505
   4.338      0.014207
   4.341      0.013910
   4.345      0.013613
   4.348      0.013317
   4.351      0.013022
   4.354      0.012727
   4.358      0.012433
   4.361      0.012140
   4.364      0.011847
   4.368      0.011554
   4.371      0.011262
   4.374      0.010971
   4.377      0.010680
   4.381      0.010390
   4.384      0.010100
   4.387      0.009811
   4.390      0.009523
   4.394      0.009235
   4.397      0.008947
   4.400      0.008660
   4.403      0.008374
   4.407      0.008088
   4.410      0.007802
   4.413      0.007517
   4.417      0.007233
   4.420      0.006949
   4.423      0.006665
   4.426      0.006382
   4.430      0.006100
   4.433      0.005818
   4.436      0.005536
   4.439      0.005255
   4.443      0.004975
   4.446      0.004694
   4.449      0.004415
   4.452      0.004136
   4.456      0.003857
   4.459      0.003579
   4.462      0.003301
   4.466      0.003023
   4.469      0.002746
   4.472      0.002470
   4.475      0.002194
   4.479      0.001918
   4.482      0.001643
   4.485      0.001368
   4.488      0.001094
   4.492      0.000820
   4.495      0.000546
   4.498      0.000273
   4.501      0.000000
