   0.000      0.000149
   0.004      0.001711
   0.008      0.003273
   0.012      0.004888
   0.016      0.006511
   0.020      0.008135
   0.024      0.009761
   0.028      0.011387
   0.032      0.013013
   0.036      0.014640
   0.040      0.016267
   0.044      0.017894
   0.048      0.019521
   0.052      0.021148
   0.056      0.022776
   0.060      0.024403
   0.064      0.026031
   0.068      0.027659
   0.072      0.029288
   0.076      0.030916
   0.080      0.032545
   0.084      0.034174
   0.088      0.035804
   0.092      0.037433
   0.096      0.039063
   0.100      0.040694
   0.104      0.042324
   0.108      0.043955
   0.112      0.045587
   0.116      0.047218
   0.120      0.048850
   0.124      0.050483
   0.128      0.052116
   0.132      0.053749
   0.136      0.055383
   0.140      0.057017
   0.144      0.058651
   0.148      0.060286
   0.152      0.061922
   0.156      0.063558
   0.160      0.065194
   0.164      0.066831
   0.168      0.068469
   0.172      0.070107
   0.176      0.071745
   0.180      0.073384
   0.184      0.075024
   0.188      0.076665
   0.192      0.078305
   0.196      0.079947
   0.200      0.081589
   0.204      0.083232
   0.208      0.084875
   0.212      0.086520
   0.216      0.088164
   0.220      0.089810
   0.224      0.091456
   0.228      0.093103
   0.232      0.094751
   0.236      0.096399
   0.240      0.098048
   0.244      0.099698
   0.248      0.101349
   0.252      0.103000
   0.256      0.104652
   0.260      0.106305
   0.264      0.107959
   0.268      0.109614
   0.272      0.111269
   0.276      0.112926
   0.280      0.114583
   0.284      0.116241
   0.288      0.117901
   0.292      0.119561
   0.296      0.121222
   0.300      0.122883
   0.304      0.124546
   0.308      0.126210
   0.312      0.127875
   0.316      0.129541
   0.320      0.131207
   0.324      0.132875
   0.328      0.134544
   0.332      0.136214
   0.336      0.137885
   0.340      0.139557
   0.344      0.141230
   0.348      0.142904
   0.352      0.144579
   0.356      0.146255
   0.360      0.147933
   0.364      0.149612
   0.368      0.151291
   0.372      0.152972
   0.376      0.154654
   0.380      0.156338
   0.384      0.158022
   0.388      0.159708
   0.392      0.161395
   0.396      0.163083
   0.400      0.164772
   0.404      0.166463
   0.408      0.168155
   0.412      0.169848
   0.416      0.171542
   0.420      0.173238
   0.424      0.174935
   0.428      0.176634
   0.432      0.178334
   0.436      0.180035
   0.440      0.181737
   0.444      0.183441
   0.448      0.185146
   0.452      0.186853
   0.456      0.188561
   0.460      0.190270
   0.464      0.191981
   0.468      0.193694
   0.472      0.195407
   0.476      0.197123
   0.480      0.198839
   0.484      0.200558
   0.488      0.202277
   0.492      0.203999
   0.496      0.205721
   0.500      0.207446
   0.504      0.209171
   0.508      0.210899
   0.512      0.212628
   0.516      0.214358
   0.520      0.216090
   0.524      0.217824
   0.528      0.219559
   0.532      0.221296
   0.536      0.223034
   0.540      0.224774
   0.544      0.226516
   0.548      0.228259
   0.552      0.230004
   0.556      0.231751
   0.560      0.233499
   0.564      0.235249
   0.568      0.237001
   0.572      0.238754
   0.576      0.240509
   0.580      0.242266
   0.584      0.244025
   0.588      0.245785
   0.592      0.247547
   0.596      0.249310
   0.600      0.251076
   0.604      0.252843
   0.608      0.254612
   0.612      0.256383
   0.616      0.258156
   0.620      0.259930
   0.624      0.261706
   0.628      0.263484
   0.632      0.265264
   0.636      0.267045
   0.640      0.268829
   0.644      0.270614
   0.648      0.272401
   0.652      0.274190
   0.656      0.275981
   0.660      0.277773
   0.664      0.279568
   0.668      0.281364
   0.672      0.283162
   0.676      0.284962
   0.680      0.286764
   0.684      0.288568
   0.688      0.290373
   0.692      0.292181
   0.696      0.293990
   0.700      0.295802
   0.704      0.297615
   0.708      0.299430
   0.712      0.301247
   0.716      0.303066
   0.720      0.304886
   0.724      0.306709
   0.728      0.308534
   0.732      0.310360
   0.736      0.312189
   0.740      0.314019
   0.744      0.315851
   0.748      0.317685
   0.752      0.319521
   0.756      0.321359
   0.760      0.323199
   0.764      0.325041
   0.768      0.326884
   0.772      0.328730
   0.776      0.330577
   0.780      0.332427
   0.784      0.334278
   0.788      0.336131
   0.792      0.337986
   0.796      0.339843
   0.800      0.341702
   0.804      0.343562
   0.808      0.345425
   0.812      0.347289
   0.816      0.349155
   0.820      0.351023
   0.824      0.352893
   0.828      0.354765
   0.832      0.356639
   0.836      0.358514
   0.840      0.360392
   0.844      0.362271
   0.848      0.364152
   0.852      0.366035
   0.856      0.367919
   0.860      0.369805
   0.864      0.371694
   0.868      0.373583
   0.872      0.375475
   0.876      0.377368
   0.880      0.379264
   0.884      0.381160
   0.888      0.383059
   0.892      0.384959
   0.896      0.386861
   0.900      0.388765
   0.904      0.390670
   0.908      0.392577
   0.912      0.394486
   0.916      0.396396
   0.920      0.398308
   0.924      0.400221
   0.928      0.402136
   0.932      0.404052
   0.936      0.405970
   0.940      0.407890
   0.944      0.409811
   0.948      0.411734
   0.952      0.413658
   0.956      0.415583
   0.960      0.417510
   0.964      0.419438
   0.968      0.421368
   0.972      0.423299
   0.976      0.425232
   0.980      0.427165
   0.984      0.429101
   0.988      0.431037
   0.992      0.432974
   0.996      0.434913
   1.000      0.436853
   1.004      0.438795
   1.008      0.440737
   1.012      0.442680
   1.016      0.444625
   1.020      0.446571
   1.024      0.448518
   1.028      0.450465
   1.032      0.452414
   1.036      0.454364
   1.040      0.456314
   1.044      0.458266
   1.048      0.460218
   1.052      0.462172
   1.056      0.464126
   1.060      0.466081
   1.064      0.468036
   1.068      0.469993
   1.072      0.471950
   1.076      0.473907
   1.080      0.475866
   1.084      0.477824
   1.088      0.479784
   1.092      0.481744
   1.096      0.483704
   1.100      0.485665
   1.104      0.487626
   1.108      0.489587
   1.112      0.491549
   1.116      0.493511
   1.120      0.495474
   1.124      0.497436
   1.128      0.499399
   1.132      0.501361
   1.136      0.503324
   1.140      0.505287
   1.144      0.507250
   1.148      0.509212
   1.152      0.511175
   1.156      0.513137
   1.160      0.515099
   1.164      0.517061
   1.168      0.519023
   1.172      0.520984
   1.176      0.522945
   1.180      0.524905
   1.184      0.526865
   1.188      0.528824
   1.192      0.530783
   1.196      0.532741
   1.200      0.534698
   1.204      0.536655
   1.208      0.538611
   1.212      0.540565
   1.216      0.542519
   1.220      0.544472
   1.224      0.546424
   1.228      0.548375
   1.232      0.550325
   1.236      0.552273
   1.240      0.554220
   1.244      0.556166
   1.248      0.558110
   1.252      0.560053
   1.256      0.561995
   1.260      0.563935
   1.264      0.565873
   1.268      0.567810
   1.272      0.569744
   1.276      0.571677
   1.280      0.573609
   1.284      0.575538
   1.288      0.577465
   1.292      0.579390
   1.296      0.581313
   1.300      0.583234
   1.304      0.585152
   1.308      0.587068
   1.312      0.588982
   1.316      0.590893
   1.320      0.592802
   1.324      0.594708
   1.328      0.596611
   1.332      0.598512
   1.336      0.600409
   1.340      0.602304
   1.344      0.604196
   1.348      0.606085
   1.352      0.607970
   1.356      0.609853
   1.360      0.611732
   1.364      0.613608
   1.368      0.615481
   1.372      0.617350
   1.376      0.619215
   1.380      0.621077
   1.384      0.622935
   1.388      0.624789
   1.392      0.626639
   1.396      0.628486
   1.400      0.630328
   1.404      0.632167
   1.408      0.634001
   1.412      0.635831
   1.416      0.637656
   1.420      0.639477
   1.424      0.641294
   1.428      0.643106
   1.432      0.644913
   1.436      0.646716
   1.440      0.648513
   1.444      0.650306
   1.448      0.652094
   1.452      0.653877
   1.456      0.655655
   1.460      0.657427
   1.464      0.659194
   1.468      0.660956
   1.472      0.662712
   1.476      0.664463
   1.480      0.666208
   1.484      0.667947
   1.488      0.669680
   1.492      0.671408
   1.496      0.673129
   1.500      0.674845
   1.504      0.676554
   1.508      0.678257
   1.512      0.679954
   1.516      0.681644
   1.520      0.683328
   1.524      0.685005
   1.528      0.686676
   1.532      0.688340
   1.536      0.689997
   1.540      0.691647
   1.544      0.693290
   1.548      0.694926
   1.552      0.696554
   1.556      0.698176
   1.560      0.699790
   1.564      0.701397
   1.568      0.702996
   1.572      0.704588
   1.576      0.706171
   1.580      0.707747
   1.584      0.709316
   1.588      0.710876
   1.592      0.712428
   1.596      0.713972
   1.600      0.715508
   1.604      0.717036
   1.608      0.718555
   1.612      0.720066
   1.616      0.721568
   1.620      0.723062
   1.624      0.724547
   1.628      0.726023
   1.632      0.727490
   1.636      0.728948
   1.640      0.730398
   1.644      0.731838
   1.648      0.733269
   1.652      0.734690
   1.656      0.736102
   1.660      0.737505
   1.664      0.738898
   1.668      0.740282
   1.672      0.741656
   1.676      0.743020
   1.680      0.744374
   1.684      0.745719
   1.688      0.747053
   1.692      0.748378
   1.696      0.749692
   1.700      0.750996
   1.704      0.752289
   1.708      0.753572
   1.712      0.754845
   1.716      0.756107
   1.720      0.757359
   1.724      0.758600
   1.728      0.759830
   1.732      0.761049
   1.736      0.762258
   1.740      0.763455
   1.744      0.764641
   1.748      0.765816
   1.752      0.766980
   1.756      0.768133
   1.760      0.769275
   1.764      0.770405
   1.768      0.771523
   1.772      0.772630
   1.776      0.773726
   1.780      0.774810
   1.784      0.775882
   1.788      0.776942
   1.792      0.777991
   1.796      0.779027
   1.800      0.780052
   1.804      0.781064
   1.808      0.782065
   1.812      0.783053
   1.816      0.784029
   1.820      0.784993
   1.824      0.785944
   1.828      0.786884
   1.832      0.787810
   1.836      0.788725
   1.840      0.789626
   1.844      0.790515
   1.848      0.791392
   1.852      0.792256
   1.856      0.793107
   1.860      0.793945
   1.864      0.794771
   1.868      0.795583
   1.872      0.796383
   1.876      0.797170
   1.880      0.797944
   1.884      0.798704
   1.888      0.799452
   1.892      0.800186
   1.896      0.800908
   1.900      0.801616
   1.904      0.802311
   1.908      0.802992
   1.912      0.803661
   1.916      0.804316
   1.920      0.804957
   1.924      0.805586
   1.928      0.806200
   1.932      0.806802
   1.936      0.807390
   1.940      0.807964
   1.944      0.808525
   1.948      0.809072
   1.952      0.809605
   1.956      0.810125
   1.960      0.810632
   1.964      0.811125
   1.968      0.811604
   1.972      0.812069
   1.976      0.812521
   1.980      0.812959
   1.984      0.813383
   1.988      0.813793
   1.992      0.814190
   1.996      0.814573
   2.000      0.814942
   2.004      0.815297
   2.008      0.815639
   2.012      0.815966
   2.016      0.816280
   2.020      0.816580
   2.024      0.816866
   2.028      0.817139
   2.032      0.817398
   2.036      0.817642
   2.040      0.817873
   2.044      0.818090
   2.048      0.818294
   2.052      0.818483
   2.056      0.818659
   2.060      0.818821
   2.064      0.818969
   2.068      0.819103
   2.072      0.819224
   2.076      0.819331
   2.080      0.819424
   2.084      0.819503
   2.088      0.819569
   2.092      0.819621
   2.096      0.819659
   2.100      0.819684
   2.104      0.819695
   2.108      0.819692
   2.112      0.819676
   2.116      0.819646
   2.120      0.819603
   2.124      0.819546
   2.128      0.819476
   2.132      0.819392
   2.136      0.819295
   2.140      0.819184
   2.144      0.819060
   2.148      0.818923
   2.152      0.818772
   2.156      0.818608
   2.160      0.818431
   2.164      0.818240
   2.168      0.818036
   2.172      0.817820
   2.176      0.817590
   2.180      0.817347
   2.184      0.817091
   2.188      0.816822
   2.192      0.816540
   2.196      0.816245
   2.200      0.815938
   2.204      0.815617
   2.208      0.815284
   2.212      0.814938
   2.216      0.814580
   2.220      0.814208
   2.224      0.813825
   2.228      0.813428
   2.232      0.813020
   2.236      0.812598
   2.240      0.812165
   2.244      0.811719
   2.248      0.811261
   2.252      0.810791
   2.256      0.810308
   2.260      0.809814
   2.264      0.809307
   2.268      0.808789
   2.272      0.808259
   2.276      0.807716
   2.280      0.807162
   2.284      0.806596
   2.288      0.806019
   2.292      0.805430
   2.296      0.804829
   2.300      0.804217
   2.304      0.803594
   2.308      0.802959
   2.312      0.802313
   2.316      0.801656
   2.320      0.800987
   2.324      0.800307
   2.328      0.799617
   2.332      0.798915
   2.336      0.798203
   2.340      0.797479
   2.344      0.796745
   2.348      0.796001
   2.352      0.795245
   2.356      0.794479
   2.360      0.793703
   2.364      0.792916
   2.368      0.792119
   2.372      0.791312
   2.376      0.790494
   2.380      0.789667
   2.384      0.788829
   2.388      0.787981
   2.392      0.787124
   2.396      0.786256
   2.400      0.785379
   2.404      0.784492
   2.408      0.783596
   2.412      0.782690
   2.416      0.781775
   2.420      0.780850
   2.424      0.779916
   2.428      0.778972
   2.432      0.778020
   2.436      0.777058
   2.440      0.776088
   2.444      0.775108
   2.448      0.774120
   2.452      0.773123
   2.456      0.772117
   2.460      0.771102
   2.464      0.770079
   2.468      0.769048
   2.472      0.768008
   2.476      0.766960
   2.480      0.765903
   2.484      0.764839
   2.488      0.763766
   2.492      0.762685
   2.496      0.761596
   2.500      0.760499
   2.504      0.759395
   2.508      0.758283
   2.512      0.757163
   2.516      0.756036
   2.520      0.754901
   2.524      0.753758
   2.528      0.752609
   2.532      0.751451
   2.536      0.750287
   2.540      0.749116
   2.544      0.747937
   2.548      0.746752
   2.552      0.745560
   2.556      0.744360
   2.560      0.743154
   2.564      0.741942
   2.568      0.740722
   2.572      0.739496
   2.576      0.738264
   2.580      0.737025
   2.584      0.735780
   2.588      0.734528
   2.592      0.733270
   2.596      0.732006
   2.600      0.730737
   2.604      0.729461
   2.608      0.728179
   2.612      0.726891
   2.616      0.725597
   2.620      0.724298
   2.624      0.722993
   2.628      0.721682
   2.632      0.720366
   2.636      0.719044
   2.640      0.717717
   2.644      0.716384
   2.648      0.715046
   2.652      0.713703
   2.656      0.712355
   2.660      0.711002
   2.664      0.709643
   2.668      0.708280
   2.672      0.706912
   2.676      0.705539
   2.680      0.704161
   2.684      0.702778
   2.688      0.701391
   2.692      0.699999
   2.696      0.698602
   2.700      0.697201
   2.704      0.695795
   2.708      0.694386
   2.712      0.692971
   2.716      0.691553
   2.720      0.690130
   2.724      0.688703
   2.728      0.687273
   2.732      0.685838
   2.736      0.684399
   2.740      0.682956
   2.744      0.681509
   2.748      0.680058
   2.752      0.678604
   2.756      0.677146
   2.760      0.675684
   2.764      0.674219
   2.768      0.672750
   2.772      0.671278
   2.776      0.669802
   2.780      0.668323
   2.784      0.666840
   2.788      0.665355
   2.792      0.663866
   2.796      0.662373
   2.800      0.660878
   2.804      0.659380
   2.808      0.657878
   2.812      0.656374
   2.816      0.654866
   2.820      0.653356
   2.824      0.651843
   2.828      0.650327
   2.832      0.648809
   2.836      0.647288
   2.840      0.645764
   2.844      0.644237
   2.848      0.642708
   2.852      0.641177
   2.856      0.639643
   2.860      0.638106
   2.864      0.636568
   2.868      0.635027
   2.872      0.633483
   2.876      0.631938
   2.880      0.630390
   2.884      0.628840
   2.888      0.627289
   2.892      0.625735
   2.896      0.624179
   2.900      0.622621
   2.904      0.621061
   2.908      0.619500
   2.912      0.617936
   2.916      0.616371
   2.920      0.614804
   2.924      0.613236
   2.928      0.611665
   2.932      0.610093
   2.936      0.608520
   2.940      0.606945
   2.944      0.605369
   2.948      0.603791
   2.952      0.602212
   2.956      0.600631
   2.960      0.599049
   2.964      0.597466
   2.968      0.595882
   2.972      0.594296
   2.976      0.592709
   2.980      0.591121
   2.984      0.589532
   2.988      0.587942
   2.992      0.586351
   2.996      0.584759
   3.000      0.583167
   3.004      0.581573
   3.008      0.579978
   3.012      0.578383
   3.016      0.576787
   3.020      0.575190
   3.024      0.573592
   3.028      0.571994
   3.032      0.570395
   3.036      0.568795
   3.040      0.567195
   3.044      0.565594
   3.048      0.563993
   3.052      0.562392
   3.056      0.560790
   3.060      0.559187
   3.064      0.557584
   3.068      0.555981
   3.072      0.554378
   3.076      0.552775
   3.080      0.551171
   3.084      0.549567
   3.088      0.547963
   3.092      0.546358
   3.096      0.544754
   3.100      0.543150
   3.104      0.541545
   3.108      0.539941
   3.112      0.538337
   3.116      0.536732
   3.120      0.535128
   3.124      0.533524
   3.128      0.531920
   3.132      0.530317
   3.136      0.528713
   3.140      0.527110
   3.144      0.525507
   3.148      0.523905
   3.152      0.522302
   3.156      0.520701
   3.160      0.519099
   3.164      0.517498
   3.168      0.515898
   3.172      0.514298
   3.176      0.512698
   3.180      0.511099
   3.184      0.509501
   3.188      0.507903
   3.192      0.506306
   3.196      0.504710
   3.200      0.503114
   3.204      0.501519
   3.208      0.499925
   3.212      0.498331
   3.216      0.496739
   3.220      0.495147
   3.224      0.493556
   3.228      0.491966
   3.232      0.490376
   3.236      0.488788
   3.240      0.487201
   3.244      0.485614
   3.248      0.484029
   3.252      0.482445
   3.256      0.480861
   3.260      0.479279
   3.264      0.477698
   3.268      0.476118
   3.272      0.474540
   3.276      0.472962
   3.280      0.471386
   3.284      0.469810
   3.288      0.468236
   3.292      0.466664
   3.296      0.465092
   3.300      0.463522
   3.304      0.461954
   3.308      0.460386
   3.312      0.458821
   3.316      0.457256
   3.320      0.455693
   3.324      0.454131
   3.328      0.452571
   3.332      0.451012
   3.336      0.449455
   3.340      0.447900
   3.344      0.446346
   3.348      0.444793
   3.352      0.443242
   3.356      0.441693
   3.360      0.440146
   3.364      0.438600
   3.368      0.437055
   3.372      0.435513
   3.376      0.433972
   3.380      0.432433
   3.384      0.430896
   3.388      0.429360
   3.392      0.427827
   3.396      0.426295
   3.400      0.424765
   3.404      0.423237
   3.408      0.421710
   3.412      0.420186
   3.416      0.418663
   3.420      0.417143
   3.424      0.415624
   3.428      0.414108
   3.432      0.412593
   3.436      0.411080
   3.440      0.409570
   3.444      0.408061
   3.448      0.406555
   3.452      0.405050
   3.456      0.403548
   3.460      0.402048
   3.464      0.400550
   3.468      0.399054
   3.472      0.397560
   3.476      0.396068
   3.480      0.394579
   3.484      0.393092
   3.488      0.391607
   3.492      0.390124
   3.496      0.388643
   3.500      0.387165
   3.504      0.385689
   3.508      0.384216
   3.512      0.382744
   3.516      0.381275
   3.520      0.379809
   3.524      0.378344
   3.528      0.376882
   3.532      0.375423
   3.536      0.373966
   3.540      0.372511
   3.544      0.371059
   3.548      0.369609
   3.552      0.368161
   3.556      0.366716
   3.560      0.365274
   3.564      0.363834
   3.568      0.362396
   3.572      0.360962
   3.576      0.359529
   3.580      0.358099
   3.584      0.356672
   3.588      0.355247
   3.592      0.353825
   3.596      0.352406
   3.600      0.350989
   3.604      0.349574
   3.608      0.348163
   3.612      0.346754
   3.616      0.345347
   3.620      0.343944
   3.624      0.342543
   3.628      0.341144
   3.632      0.339749
   3.636      0.338356
   3.640      0.336966
   3.644      0.335578
   3.648      0.334194
   3.652      0.332812
   3.656      0.331433
   3.660      0.330056
   3.664      0.328683
   3.668      0.327312
   3.672      0.325944
   3.676      0.324579
   3.680      0.323216
   3.684      0.321857
   3.688      0.320500
   3.692      0.319146
   3.696      0.317795
   3.700      0.316447
   3.704      0.315102
   3.708      0.313760
   3.712      0.312420
   3.716      0.311084
   3.720      0.309750
   3.724      0.308420
   3.728      0.307092
   3.732      0.305767
   3.736      0.304445
   3.740      0.303126
   3.744      0.301810
   3.748      0.300497
   3.752      0.299188
   3.756      0.297881
   3.760      0.296577
   3.764      0.295276
   3.768      0.293978
   3.772      0.292683
   3.776      0.291391
   3.780      0.290102
   3.784      0.288816
   3.788      0.287534
   3.792      0.286254
   3.796      0.284977
   3.800      0.283704
   3.804      0.282433
   3.808      0.281166
   3.812      0.279901
   3.816      0.278640
   3.820      0.277382
   3.824      0.276127
   3.828      0.274875
   3.832      0.273626
   3.836      0.272380
   3.840      0.271138
   3.844      0.269898
   3.848      0.268662
   3.852      0.267429
   3.856      0.266199
   3.860      0.264972
   3.864      0.263748
   3.868      0.262528
   3.872      0.261310
   3.876      0.260096
   3.880      0.258885
   3.884      0.257677
   3.888      0.256473
   3.892      0.255271
   3.896      0.254073
   3.900      0.252878
   3.904      0.251686
   3.908      0.250497
   3.912      0.249312
   3.916      0.248130
   3.920      0.246951
   3.924      0.245775
   3.928      0.244602
   3.932      0.243433
   3.936      0.242267
   3.940      0.241104
   3.944      0.239945
   3.948      0.238788
   3.952      0.237635
   3.956      0.236485
   3.960      0.235338
   3.964      0.234195
   3.968      0.233055
   3.972      0.231918
   3.976      0.230784
   3.980      0.229654
   3.984      0.228527
   3.988      0.227403
   3.992      0.226283
   3.996      0.225165
   4.000      0.224051
   4.004      0.222941
   4.008      0.221833
   4.012      0.220729
   4.016      0.219628
   4.020      0.218531
   4.024      0.217436
   4.028      0.216345
   4.032      0.215258
   4.036      0.214173
   4.040      0.213092
   4.044      0.212014
   4.048      0.210940
   4.052      0.209868
   4.056      0.208800
   4.060      0.207736
   4.064      0.206674
   4.068      0.205616
   4.072      0.204561
   4.076      0.203510
   4.080      0.202462
   4.084      0.201417
   4.088      0.200375
   4.092      0.199337
   4.096      0.198302
   4.100      0.197270
   4.104      0.196242
   4.108      0.195217
   4.112      0.194195
   4.116      0.193177
   4.120      0.192161
   4.124      0.191149
   4.128      0.190141
   4.132      0.189136
   4.136      0.188134
   4.140      0.187135
   4.144      0.186140
   4.148      0.185148
   4.152      0.184159
   4.156      0.183173
   4.160      0.182191
   4.164      0.181212
   4.168      0.180237
   4.172      0.179264
   4.176      0.178295
   4.180      0.177330
   4.184      0.176367
   4.188      0.175408
   4.192      0.174452
   4.196      0.173500
   4.200      0.172550
   4.204      0.171604
   4.208      0.170662
   4.212      0.169722
   4.216      0.168786
   4.220      0.167853
   4.224      0.166924
   4.228      0.165997
   4.232      0.165074
   4.236      0.164154
   4.240      0.163238
   4.244      0.162325
   4.248      0.161415
   4.252      0.160508
   4.256      0.159605
   4.260      0.158704
   4.264      0.157807
   4.268      0.156914
   4.272      0.156023
   4.276      0.155136
   4.280      0.154252
   4.284      0.153371
   4.288      0.152494
   4.292      0.151620
   4.296      0.150749
   4.300      0.149881
   4.304      0.149016
   4.308      0.148155
   4.312      0.147297
   4.316      0.146442
   4.320      0.145590
   4.324      0.144742
   4.328      0.143897
   4.332      0.143055
   4.336      0.142216
   4.340      0.141380
   4.344      0.140548
   4.348      0.139719
   4.352      0.138893
   4.356      0.138070
   4.360      0.137250
   4.364      0.136434
   4.368      0.135620
   4.372      0.134810
   4.376      0.134003
   4.380      0.133199
   4.384      0.132399
   4.388      0.131601
   4.392      0.130807
   4.396      0.130016
   4.400      0.129228
   4.404      0.128443
   4.408      0.127661
   4.412      0.126882
   4.416      0.126107
   4.420      0.125334
   4.424      0.124565
   4.428      0.123799
   4.432      0.123036
   4.436      0.122276
   4.440      0.121519
   4.444      0.120766
   4.448      0.120015
   4.452      0.119268
   4.456      0.118523
   4.460      0.117782
   4.464      0.117043
   4.468      0.116308
   4.472      0.115576
   4.476      0.114847
   4.480      0.114121
   4.484      0.113398
   4.488      0.112678
   4.492      0.111961
   4.496      0.111247
   4.500      0.110537
   4.504      0.109829
   4.508      0.109124
   4.512      0.108422
   4.516      0.107724
   4.520      0.107028
   4.524      0.106335
   4.528      0.105646
   4.532      0.104959
   4.536      0.104275
   4.540      0.103595
   4.544      0.102917
   4.548      0.102242
   4.552      0.101570
   4.556      0.100901
   4.560      0.100235
   4.564      0.099572
   4.568      0.098912
   4.572      0.098255
   4.576      0.097601
   4.580      0.096950
   4.584      0.096302
   4.588      0.095656
   4.592      0.095014
   4.596      0.094374
   4.600      0.093738
   4.604      0.093104
   4.608      0.092473
   4.612      0.091845
   4.616      0.091220
   4.620      0.090598
   4.624      0.089978
   4.628      0.089362
   4.632      0.088748
   4.636      0.088137
   4.640      0.087529
   4.644      0.086924
   4.648      0.086322
   4.652      0.085722
   4.656      0.085126
   4.660      0.084532
   4.664      0.083941
   4.668      0.083353
   4.672      0.082767
   4.676      0.082184
   4.680      0.081605
   4.684      0.081027
   4.688      0.080453
   4.692      0.079881
   4.696      0.079313
   4.700      0.078747
   4.704      0.078183
   4.708      0.077623
   4.712      0.077065
   4.716      0.076509
   4.720      0.075957
   4.724      0.075407
   4.728      0.074860
   4.732      0.074316
   4.736      0.073774
   4.740      0.073235
   4.744      0.072699
   4.748      0.072165
   4.752      0.071634
   4.756      0.071106
   4.760      0.070580
   4.764      0.070057
   4.768      0.069537
   4.772      0.069019
   4.776      0.068504
   4.780      0.067992
   4.784      0.067482
   4.788      0.066975
   4.792      0.066470
   4.796      0.065968
   4.800      0.065468
   4.804      0.064971
   4.808      0.064477
   4.812      0.063985
   4.816      0.063496
   4.820      0.063009
   4.824      0.062525
   4.828      0.062043
   4.832      0.061564
   4.836      0.061088
   4.840      0.060614
   4.844      0.060142
   4.848      0.059673
   4.852      0.059206
   4.856      0.058742
   4.860      0.058281
   4.864      0.057822
   4.868      0.057365
   4.872      0.056911
   4.876      0.056459
   4.880      0.056010
   4.884      0.055563
   4.888      0.055118
   4.892      0.054676
   4.896      0.054237
   4.900      0.053800
   4.904      0.053365
   4.908      0.052932
   4.912      0.052502
   4.916      0.052075
   4.920      0.051649
   4.924      0.051227
   4.928      0.050806
   4.932      0.050388
   4.936      0.049972
   4.940      0.049558
   4.944      0.049147
   4.948      0.048738
   4.952      0.048332
   4.956      0.047928
   4.960      0.047526
   4.964      0.047126
   4.968      0.046729
   4.972      0.046334
   4.976      0.045941
   4.980      0.045550
   4.984      0.045162
   4.988      0.044776
   4.992      0.044392
   4.996      0.044011
   5.000      0.043631
   5.004      0.043254
   5.008      0.042879
   5.012      0.042507
   5.016      0.042136
   5.020      0.041768
   5.024      0.041402
   5.028      0.041038
   5.032      0.040676
   5.036      0.040316
   5.040      0.039959
   5.044      0.039603
   5.048      0.039250
   5.052      0.038899
   5.056      0.038550
   5.060      0.038203
   5.064      0.037859
   5.068      0.037516
   5.072      0.037176
   5.076      0.036837
   5.080      0.036501
   5.084      0.036167
   5.088      0.035835
   5.092      0.035504
   5.096      0.035176
   5.100      0.034850
   5.104      0.034526
   5.108      0.034204
   5.112      0.033884
   5.116      0.033566
   5.120      0.033250
   5.124      0.032937
   5.128      0.032625
   5.132      0.032315
   5.136      0.032007
   5.140      0.031701
   5.144      0.031397
   5.148      0.031095
   5.152      0.030794
   5.156      0.030496
   5.160      0.030200
   5.164      0.029906
   5.168      0.029613
   5.172      0.029323
   5.176      0.029034
   5.180      0.028747
   5.184      0.028463
   5.188      0.028180
   5.192      0.027899
   5.196      0.027619
   5.200      0.027342
   5.204      0.027067
   5.208      0.026793
   5.212      0.026521
   5.216      0.026251
   5.220      0.025983
   5.224      0.025717
   5.228      0.025452
   5.232      0.025190
   5.236      0.024929
   5.240      0.024670
   5.244      0.024412
   5.248      0.024157
   5.252      0.023903
   5.256      0.023651
   5.260      0.023401
   5.264      0.023152
   5.268      0.022905
   5.272      0.022660
   5.276      0.022417
   5.280      0.022175
   5.284      0.021935
   5.288      0.021697
   5.292      0.021461
   5.296      0.021226
   5.300      0.020993
   5.304      0.020761
   5.308      0.020531
   5.312      0.020303
   5.316      0.020077
   5.320      0.019852
   5.324      0.019629
   5.328      0.019407
   5.332      0.019187
   5.336      0.018969
   5.340      0.018752
   5.344      0.018537
   5.348      0.018323
   5.352      0.018111
   5.356      0.017901
   5.360      0.017692
   5.364      0.017485
   5.368      0.017279
   5.372      0.017075
   5.376      0.016873
   5.380      0.016672
   5.384      0.016472
   5.388      0.016274
   5.392      0.016078
   5.396      0.015883
   5.400      0.015690
   5.404      0.015498
   5.408      0.015307
   5.412      0.015118
   5.416      0.014931
   5.420      0.014745
   5.424      0.014560
   5.428      0.014377
   5.432      0.014195
   5.436      0.014015
   5.440      0.013836
   5.444      0.013659
   5.448      0.013483
   5.452      0.013309
   5.456      0.013136
   5.460      0.012964
   5.464      0.012793
   5.468      0.012625
   5.472      0.012457
   5.476      0.012291
   5.480      0.012126
   5.484      0.011963
   5.488      0.011800
   5.492      0.011640
   5.496      0.011480
   5.500      0.011322
   5.504      0.011165
   5.508      0.011010
   5.512      0.010856
   5.516      0.010703
   5.520      0.010552
   5.524      0.010401
   5.528      0.010252
   5.532      0.010105
   5.536      0.009958
   5.540      0.009813
   5.544      0.009669
   5.548      0.009527
   5.552      0.009385
   5.556      0.009245
   5.560      0.009106
   5.564      0.008969
   5.568      0.008832
   5.572      0.008697
   5.576      0.008563
   5.580      0.008430
   5.584      0.008298
   5.588      0.008168
   5.592      0.008039
   5.596      0.007910
   5.600      0.007784
   5.604      0.007658
   5.608      0.007533
   5.612      0.007410
   5.616      0.007288
   5.620      0.007166
   5.624      0.007046
   5.628      0.006928
   5.632      0.006810
   5.636      0.006693
   5.640      0.006578
   5.644      0.006463
   5.648      0.006350
   5.652      0.006238
   5.656      0.006127
   5.660      0.006017
   5.664      0.005908
   5.668      0.005800
   5.672      0.005693
   5.676      0.005587
   5.680      0.005483
   5.684      0.005379
   5.688      0.005276
   5.692      0.005175
   5.696      0.005074
   5.700      0.004975
   5.704      0.004876
   5.708      0.004779
   5.712      0.004682
   5.716      0.004587
   5.720      0.004492
   5.724      0.004399
   5.728      0.004306
   5.732      0.004214
   5.736      0.004124
   5.740      0.004034
   5.744      0.003945
   5.748      0.003858
   5.752      0.003771
   5.756      0.003685
   5.760      0.003600
   5.764      0.003516
   5.768      0.003433
   5.772      0.003351
   5.776      0.003270
   5.780      0.003189
   5.784      0.003110
   5.788      0.003031
   5.792      0.002953
   5.796      0.002877
   5.800      0.002801
   5.804      0.002726
   5.808      0.002651
   5.812      0.002578
   5.816      0.002506
   5.820      0.002434
   5.824      0.002363
   5.828      0.002293
   5.832      0.002224
   5.836      0.002156
   5.840      0.002088
   5.844      0.002022
   5.848      0.001956
   5.852      0.001891
   5.856      0.001827
   5.860      0.001763
   5.864      0.001700
   5.868      0.001639
   5.872      0.001577
   5.876      0.001517
   5.880      0.001457
   5.884      0.001399
   5.888      0.001341
   5.892      0.001283
   5.896      0.001227
   5.900      0.001171
   5.904      0.001116
   5.908      0.001062
   5.912      0.001008
   5.916      0.000955
   5.920      0.000903
   5.924      0.000851
   5.928      0.000800
   5.932      0.000750
   5.936      0.000701
   5.940      0.000652
   5.944      0.000604
   5.948      0.000557
   5.952      0.000510
   5.956      0.000464
   5.960      0.000419
   5.964      0.000374
   5.968      0.000330
   5.972      0.000287
   5.976      0.000244
   5.980      0.000202
   5.984      0.000160
   5.988      0.000119
   5.992      0.000079
   5.996      0.000039
   6.000      0.000000
