   0.000      1.353673
   0.004      1.353672
   0.008      1.353673
   0.011      1.353672
   0.015      1.353672
   0.019      1.353672
   0.023      1.353672
   0.027      1.353672
   0.030      1.353672
   0.034      1.353672
   0.038      1.353672
   0.042      1.353672
   0.046      1.353672
   0.049      1.353672
   0.053      1.353672
   0.057      1.353672
   0.061      1.353672
   0.065      1.353672
   0.068      1.353672
   0.072      1.353671
   0.076      1.353671
   0.080      1.353670
   0.084      1.353670
   0.087      1.353669
   0.091      1.353668
   0.095      1.353666
   0.099      1.353665
   0.103      1.353663
   0.106      1.353660
   0.110      1.353658
   0.114      1.353654
   0.118      1.353650
   0.122      1.353646
   0.126      1.353641
   0.129      1.353635
   0.133      1.353627
   0.137      1.353619
   0.141      1.353610
   0.145      1.353600
   0.148      1.353588
   0.152      1.353574
   0.156      1.353559
   0.160      1.353542
   0.164      1.353523
   0.167      1.353502
   0.171      1.353478
   0.175      1.353452
   0.179      1.353423
   0.183      1.353391
   0.186      1.353356
   0.190      1.353317
   0.194      1.353274
   0.198      1.353228
   0.202      1.353177
   0.205      1.353121
   0.209      1.353061
   0.213      1.352995
   0.217      1.352924
   0.221      1.352847
   0.224      1.352764
   0.228      1.352674
   0.232      1.352578
   0.236      1.352474
   0.240      1.352362
   0.243      1.352243
   0.247      1.352114
   0.251      1.351978
   0.255      1.351831
   0.259      1.351675
   0.262      1.351509
   0.266      1.351332
   0.270      1.351145
   0.274      1.350945
   0.278      1.350734
   0.281      1.350510
   0.285      1.350273
   0.289      1.350023
   0.293      1.349759
   0.297      1.349480
   0.300      1.349187
   0.304      1.348878
   0.308      1.348553
   0.312      1.348212
   0.316      1.347854
   0.319      1.347478
   0.323      1.347084
   0.327      1.346672
   0.331      1.346241
   0.335      1.345790
   0.339      1.345320
   0.342      1.344829
   0.346      1.344316
   0.350      1.343783
   0.354      1.343227
   0.358      1.342649
   0.361      1.342048
   0.365      1.341424
   0.369      1.340776
   0.373      1.340104
   0.377      1.339406
   0.380      1.338684
   0.384      1.337936
   0.388      1.337162
   0.392      1.336361
   0.396      1.335534
   0.399      1.334680
   0.403      1.333798
   0.407      1.332888
   0.411      1.331950
   0.415      1.330983
   0.418      1.329987
   0.422      1.328962
   0.426      1.327908
   0.430      1.326824
   0.434      1.325710
   0.437      1.324565
   0.441      1.323391
   0.445      1.322185
   0.449      1.320949
   0.453      1.319682
   0.456      1.318383
   0.460      1.317054
   0.464      1.315693
   0.468      1.314300
   0.472      1.312876
   0.475      1.311420
   0.479      1.309933
   0.483      1.308414
   0.487      1.306863
   0.491      1.305281
   0.494      1.303666
   0.498      1.302021
   0.502      1.300344
   0.506      1.298635
   0.510      1.296895
   0.513      1.295124
   0.517      1.293321
   0.521      1.291488
   0.525      1.289624
   0.529      1.287729
   0.532      1.285804
   0.536      1.283849
   0.540      1.281863
   0.544      1.279848
   0.548      1.277804
   0.552      1.275730
   0.555      1.273628
   0.559      1.271497
   0.563      1.269338
   0.567      1.267150
   0.571      1.264935
   0.574      1.262693
   0.578      1.260424
   0.582      1.258129
   0.586      1.255807
   0.590      1.253460
   0.593      1.251087
   0.597      1.248690
   0.601      1.246268
   0.605      1.243822
   0.609      1.241352
   0.612      1.238859
   0.616      1.236343
   0.620      1.233805
   0.624      1.231246
   0.628      1.228665
   0.631      1.226063
   0.635      1.223440
   0.639      1.220798
   0.643      1.218137
   0.647      1.215456
   0.650      1.212757
   0.654      1.210040
   0.658      1.207306
   0.662      1.204554
   0.666      1.201787
   0.669      1.199003
   0.673      1.196204
   0.677      1.193390
   0.681      1.190561
   0.685      1.187718
   0.688      1.184862
   0.692      1.181993
   0.696      1.179111
   0.700      1.176218
   0.704      1.173313
   0.707      1.170397
   0.711      1.167470
   0.715      1.164533
   0.719      1.161587
   0.723      1.158631
   0.726      1.155667
   0.730      1.152694
   0.734      1.149714
   0.738      1.146727
   0.742      1.143732
   0.745      1.140731
   0.749      1.137725
   0.753      1.134712
   0.757      1.131695
   0.761      1.128672
   0.764      1.125646
   0.768      1.122615
   0.772      1.119582
   0.776      1.116545
   0.780      1.113505
   0.784      1.110463
   0.787      1.107419
   0.791      1.104373
   0.795      1.101326
   0.799      1.098278
   0.803      1.095230
   0.806      1.092181
   0.810      1.089133
   0.814      1.086085
   0.818      1.083038
   0.822      1.079992
   0.825      1.076947
   0.829      1.073905
   0.833      1.070864
   0.837      1.067825
   0.841      1.064789
   0.844      1.061756
   0.848      1.058726
   0.852      1.055699
   0.856      1.052676
   0.860      1.049657
   0.863      1.046642
   0.867      1.043631
   0.871      1.040625
   0.875      1.037624
   0.879      1.034628
   0.882      1.031637
   0.886      1.028651
   0.890      1.025671
   0.894      1.022697
   0.898      1.019729
   0.901      1.016767
   0.905      1.013811
   0.909      1.010862
   0.913      1.007920
   0.917      1.004985
   0.920      1.002056
   0.924      0.999135
   0.928      0.996221
   0.932      0.993314
   0.936      0.990415
   0.939      0.987524
   0.943      0.984641
   0.947      0.981765
   0.951      0.978898
   0.955      0.976039
   0.958      0.973188
   0.962      0.970345
   0.966      0.967511
   0.970      0.964686
   0.974      0.961869
   0.977      0.959061
   0.981      0.956261
   0.985      0.953471
   0.989      0.950690
   0.993      0.947917
   0.997      0.945154
   1.000      0.942400
   1.004      0.939655
   1.008      0.936920
   1.012      0.934194
   1.016      0.931477
   1.019      0.928770
   1.023      0.926072
   1.027      0.923384
   1.031      0.920705
   1.035      0.918036
   1.038      0.915377
   1.042      0.912727
   1.046      0.910087
   1.050      0.907457
   1.054      0.904837
   1.057      0.902226
   1.061      0.899625
   1.065      0.897034
   1.069      0.894453
   1.073      0.891882
   1.076      0.889320
   1.080      0.886769
   1.084      0.884227
   1.088      0.881695
   1.092      0.879173
   1.095      0.876661
   1.099      0.874159
   1.103      0.871667
   1.107      0.869185
   1.111      0.866713
   1.114      0.864250
   1.118      0.861798
   1.122      0.859355
   1.126      0.856922
   1.130      0.854499
   1.133      0.852086
   1.137      0.849683
   1.141      0.847289
   1.145      0.844906
   1.149      0.842532
   1.152      0.840168
   1.156      0.837814
   1.160      0.835469
   1.164      0.833134
   1.168      0.830809
   1.171      0.828494
   1.175      0.826188
   1.179      0.823892
   1.183      0.821606
   1.187      0.819329
   1.190      0.817062
   1.194      0.814804
   1.198      0.812556
   1.202      0.810318
   1.206      0.808088
   1.210      0.805869
   1.213      0.803659
   1.217      0.801458
   1.221      0.799266
   1.225      0.797084
   1.229      0.794911
   1.232      0.792748
   1.236      0.790593
   1.240      0.788448
   1.244      0.786312
   1.248      0.784186
   1.251      0.782068
   1.255      0.779959
   1.259      0.777860
   1.263      0.775769
   1.267      0.773688
   1.270      0.771616
   1.274      0.769552
   1.278      0.767497
   1.282      0.765451
   1.286      0.763415
   1.289      0.761386
   1.293      0.759367
   1.297      0.757356
   1.301      0.755354
   1.305      0.753361
   1.308      0.751376
   1.312      0.749400
   1.316      0.747432
   1.320      0.745473
   1.324      0.743523
   1.327      0.741581
   1.331      0.739647
   1.335      0.737722
   1.339      0.735805
   1.343      0.733896
   1.346      0.731995
   1.350      0.730103
   1.354      0.728219
   1.358      0.726343
   1.362      0.724476
   1.365      0.722616
   1.369      0.720764
   1.373      0.718921
   1.377      0.717085
   1.381      0.715257
   1.384      0.713438
   1.388      0.711626
   1.392      0.709822
   1.396      0.708025
   1.400      0.706237
   1.403      0.704456
   1.407      0.702683
   1.411      0.700918
   1.415      0.699160
   1.419      0.697410
   1.422      0.695667
   1.426      0.693932
   1.430      0.692204
   1.434      0.690484
   1.438      0.688771
   1.442      0.687065
   1.445      0.685367
   1.449      0.683676
   1.453      0.681993
   1.457      0.680316
   1.461      0.678647
   1.464      0.676985
   1.468      0.675330
   1.472      0.673682
   1.476      0.672042
   1.480      0.670408
   1.483      0.668781
   1.487      0.667161
   1.491      0.665548
   1.495      0.663942
   1.499      0.662343
   1.502      0.660751
   1.506      0.659165
   1.510      0.657586
   1.514      0.656014
   1.518      0.654449
   1.521      0.652890
   1.525      0.651337
   1.529      0.649792
   1.533      0.648253
   1.537      0.646720
   1.540      0.645194
   1.544      0.643674
   1.548      0.642161
   1.552      0.640654
   1.556      0.639153
   1.559      0.637659
   1.563      0.636171
   1.567      0.634689
   1.571      0.633214
   1.575      0.631745
   1.578      0.630281
   1.582      0.628824
   1.586      0.627373
   1.590      0.625928
   1.594      0.624490
   1.597      0.623057
   1.601      0.621630
   1.605      0.620209
   1.609      0.618794
   1.613      0.617384
   1.616      0.615981
   1.620      0.614584
   1.624      0.613192
   1.628      0.611806
   1.632      0.610425
   1.635      0.609051
   1.639      0.607682
   1.643      0.606319
   1.647      0.604961
   1.651      0.603609
   1.655      0.602262
   1.658      0.600921
   1.662      0.599586
   1.666      0.598256
   1.670      0.596931
   1.674      0.595612
   1.677      0.594298
   1.681      0.592989
   1.685      0.591686
   1.689      0.590388
   1.693      0.589095
   1.696      0.587808
   1.700      0.586526
   1.704      0.585249
   1.708      0.583977
   1.712      0.582710
   1.715      0.581448
   1.719      0.580192
   1.723      0.578940
   1.727      0.577694
   1.731      0.576452
   1.734      0.575216
   1.738      0.573984
   1.742      0.572758
   1.746      0.571536
   1.750      0.570319
   1.753      0.569107
   1.757      0.567900
   1.761      0.566698
   1.765      0.565500
   1.769      0.564307
   1.772      0.563119
   1.776      0.561935
   1.780      0.560756
   1.784      0.559582
   1.788      0.558413
   1.791      0.557248
   1.795      0.556087
   1.799      0.554932
   1.803      0.553780
   1.807      0.552634
   1.810      0.551491
   1.814      0.550353
   1.818      0.549220
   1.822      0.548091
   1.826      0.546966
   1.829      0.545846
   1.833      0.544730
   1.837      0.543619
   1.841      0.542511
   1.845      0.541408
   1.848      0.540310
   1.852      0.539215
   1.856      0.538125
   1.860      0.537039
   1.864      0.535957
   1.867      0.534879
   1.871      0.533805
   1.875      0.532736
   1.879      0.531670
   1.883      0.530609
   1.887      0.529552
   1.890      0.528498
   1.894      0.527449
   1.898      0.526403
   1.902      0.525362
   1.906      0.524325
   1.909      0.523291
   1.913      0.522261
   1.917      0.521236
   1.921      0.520214
   1.925      0.519196
   1.928      0.518181
   1.932      0.517171
   1.936      0.516164
   1.940      0.515161
   1.944      0.514162
   1.947      0.513167
   1.951      0.512175
   1.955      0.511187
   1.959      0.510202
   1.963      0.509222
   1.966      0.508244
   1.970      0.507271
   1.974      0.506301
   1.978      0.505335
   1.982      0.504372
   1.985      0.503413
   1.989      0.502457
   1.993      0.501505
   1.997      0.500556
   2.001      0.499611
   2.004      0.498669
   2.008      0.497731
   2.012      0.496796
   2.016      0.495864
   2.020      0.494936
   2.023      0.494011
   2.027      0.493090
   2.031      0.492172
   2.035      0.491257
   2.039      0.490345
   2.042      0.489437
   2.046      0.488532
   2.050      0.487630
   2.054      0.486732
   2.058      0.485837
   2.061      0.484944
   2.065      0.484056
   2.069      0.483170
   2.073      0.482287
   2.077      0.481408
   2.080      0.480532
   2.084      0.479658
   2.088      0.478788
   2.092      0.477921
   2.096      0.477057
   2.100      0.476197
   2.103      0.475339
   2.107      0.474484
   2.111      0.473632
   2.115      0.472783
   2.119      0.471937
   2.122      0.471094
   2.126      0.470254
   2.130      0.469417
   2.134      0.468583
   2.138      0.467752
   2.141      0.466924
   2.145      0.466098
   2.149      0.465275
   2.153      0.464456
   2.157      0.463639
   2.160      0.462825
   2.164      0.462013
   2.168      0.461205
   2.172      0.460399
   2.176      0.459596
   2.179      0.458796
   2.183      0.457998
   2.187      0.457203
   2.191      0.456411
   2.195      0.455622
   2.198      0.454835
   2.202      0.454051
   2.206      0.453270
   2.210      0.452491
   2.214      0.451715
   2.217      0.450942
   2.221      0.450171
   2.225      0.449403
   2.229      0.448637
   2.233      0.447874
   2.236      0.447113
   2.240      0.446355
   2.244      0.445600
   2.248      0.444847
   2.252      0.444096
   2.255      0.443348
   2.259      0.442603
   2.263      0.441860
   2.267      0.441119
   2.271      0.440381
   2.274      0.439646
   2.278      0.438913
   2.282      0.438182
   2.286      0.437453
   2.290      0.436727
   2.293      0.436004
   2.297      0.435283
   2.301      0.434564
   2.305      0.433847
   2.309      0.433133
   2.313      0.432421
   2.316      0.431712
   2.320      0.431005
   2.324      0.430300
   2.328      0.429597
   2.332      0.428897
   2.335      0.428198
   2.339      0.427503
   2.343      0.426809
   2.347      0.426118
   2.351      0.425428
   2.354      0.424742
   2.358      0.424057
   2.362      0.423374
   2.366      0.422694
   2.370      0.422016
   2.373      0.421340
   2.377      0.420666
   2.381      0.419994
   2.385      0.419324
   2.389      0.418657
   2.392      0.417992
   2.396      0.417328
   2.400      0.416667
   2.404      0.416008
   2.408      0.415351
   2.411      0.414696
   2.415      0.414043
   2.419      0.413392
   2.423      0.412743
   2.427      0.412096
   2.430      0.411452
   2.434      0.410809
   2.438      0.410168
   2.442      0.409529
   2.446      0.408893
   2.449      0.408258
   2.453      0.407625
   2.457      0.406994
   2.461      0.406365
   2.465      0.405738
   2.468      0.405113
   2.472      0.404490
   2.476      0.403868
   2.480      0.403249
   2.484      0.402631
   2.487      0.402016
   2.491      0.401402
   2.495      0.400790
   2.499      0.400180
   2.503      0.399572
   2.506      0.398966
   2.510      0.398361
   2.514      0.397759
   2.518      0.397158
   2.522      0.396559
   2.525      0.395962
   2.529      0.395366
   2.533      0.394772
   2.537      0.394181
   2.541      0.393591
   2.545      0.393002
   2.548      0.392416
   2.552      0.391831
   2.556      0.391248
   2.560      0.390666
   2.564      0.390087
   2.567      0.389509
   2.571      0.388933
   2.575      0.388358
   2.579      0.387785
   2.583      0.387214
   2.586      0.386645
   2.590      0.386077
   2.594      0.385511
   2.598      0.384947
   2.602      0.384384
   2.605      0.383823
   2.609      0.383263
   2.613      0.382705
   2.617      0.382149
   2.621      0.381594
   2.624      0.381041
   2.628      0.380490
   2.632      0.379940
   2.636      0.379392
   2.640      0.378845
   2.643      0.378300
   2.647      0.377756
   2.651      0.377214
   2.655      0.376674
   2.659      0.376135
   2.662      0.375598
   2.666      0.375062
   2.670      0.374528
   2.674      0.373995
   2.678      0.373464
   2.681      0.372934
   2.685      0.372406
   2.689      0.371879
   2.693      0.371354
   2.697      0.370830
   2.700      0.370308
   2.704      0.369787
   2.708      0.369268
   2.712      0.368750
   2.716      0.368233
   2.719      0.367718
   2.723      0.367205
   2.727      0.366692
   2.731      0.366182
   2.735      0.365672
   2.738      0.365165
   2.742      0.364658
   2.746      0.364153
   2.750      0.363649
   2.754      0.363147
   2.758      0.362646
   2.761      0.362147
   2.765      0.361649
   2.769      0.361152
   2.773      0.360656
   2.777      0.360162
   2.780      0.359670
   2.784      0.359178
   2.788      0.358688
   2.792      0.358200
   2.796      0.357712
   2.799      0.357226
   2.803      0.356742
   2.807      0.356258
   2.811      0.355776
   2.815      0.355295
   2.818      0.354816
   2.822      0.354338
   2.826      0.353861
   2.830      0.353385
   2.834      0.352911
   2.837      0.352438
   2.841      0.351966
   2.845      0.351495
   2.849      0.351026
   2.853      0.350558
   2.856      0.350091
   2.860      0.349626
   2.864      0.349161
   2.868      0.348698
   2.872      0.348236
   2.875      0.347776
   2.879      0.347316
   2.883      0.346858
   2.887      0.346401
   2.891      0.345945
   2.894      0.345491
   2.898      0.345037
   2.902      0.344585
   2.906      0.344134
   2.910      0.343684
   2.913      0.343236
   2.917      0.342788
   2.921      0.342342
   2.925      0.341897
   2.929      0.341453
   2.932      0.341010
   2.936      0.340568
   2.940      0.340127
   2.944      0.339688
   2.948      0.339250
   2.951      0.338813
   2.955      0.338376
   2.959      0.337942
   2.963      0.337508
   2.967      0.337075
   2.971      0.336643
   2.974      0.336213
   2.978      0.335784
   2.982      0.335355
   2.986      0.334928
   2.990      0.334502
   2.993      0.334077
   2.997      0.333653
   3.001      0.333230
   3.005      0.332808
   3.009      0.332387
   3.012      0.331968
   3.016      0.331549
   3.020      0.331132
   3.024      0.330715
   3.028      0.330300
   3.031      0.329885
   3.035      0.329472
   3.039      0.329059
   3.043      0.328648
