   0.000     -0.000157
   0.004      0.000079
   0.008      0.000314
   0.011      0.000707
   0.015      0.001256
   0.019      0.001963
   0.023      0.002826
   0.027      0.003845
   0.031      0.005022
   0.035      0.006354
   0.038      0.007842
   0.042      0.009487
   0.046      0.011286
   0.050      0.013241
   0.054      0.015351
   0.058      0.017615
   0.061      0.020033
   0.065      0.022606
   0.069      0.025331
   0.073      0.028209
   0.077      0.031240
   0.080      0.034423
   0.084      0.037757
   0.088      0.041242
   0.092      0.044877
   0.096      0.048662
   0.100      0.052596
   0.103      0.056678
   0.107      0.060908
   0.111      0.065285
   0.115      0.069808
   0.119      0.074476
   0.123      0.079290
   0.126      0.084247
   0.130      0.089348
   0.134      0.094591
   0.138      0.099975
   0.142      0.105500
   0.146      0.111164
   0.149      0.116967
   0.153      0.122908
   0.157      0.128986
   0.161      0.135199
   0.165      0.141547
   0.169      0.148029
   0.172      0.154643
   0.176      0.161389
   0.180      0.168265
   0.184      0.175271
   0.188      0.182404
   0.192      0.189665
   0.195      0.197051
   0.199      0.204561
   0.203      0.212195
   0.207      0.219951
   0.211      0.227828
   0.215      0.235823
   0.218      0.243937
   0.222      0.252168
   0.226      0.260514
   0.230      0.268974
   0.234      0.277547
   0.238      0.286231
   0.241      0.295024
   0.245      0.303926
   0.249      0.312935
   0.253      0.322048
   0.257      0.331266
   0.261      0.340586
   0.264      0.350007
   0.268      0.359527
   0.272      0.369145
   0.276      0.378858
   0.280      0.388666
   0.284      0.398567
   0.287      0.408559
   0.291      0.418641
   0.295      0.428811
   0.299      0.439066
   0.303      0.449407
   0.307      0.459830
   0.311      0.470334
   0.314      0.480918
   0.318      0.491579
   0.322      0.502316
   0.326      0.513127
   0.330      0.524011
   0.334      0.534965
   0.337      0.545987
   0.341      0.557077
   0.345      0.568232
   0.349      0.579451
   0.353      0.590730
   0.357      0.602070
   0.360      0.613467
   0.364      0.624920
   0.368      0.636427
   0.372      0.647986
   0.376      0.659596
   0.380      0.671254
   0.383      0.682959
   0.387      0.694708
   0.391      0.706500
   0.395      0.718332
   0.399      0.730204
   0.403      0.742112
   0.406      0.754056
   0.410      0.766032
   0.414      0.778040
   0.418      0.790077
   0.422      0.802141
   0.426      0.814230
   0.429      0.826343
   0.433      0.838478
   0.437      0.850632
   0.441      0.862803
   0.445      0.874990
   0.449      0.887191
   0.452      0.899403
   0.456      0.911626
   0.460      0.923856
   0.464      0.936092
   0.468      0.948332
   0.472      0.960574
   0.475      0.972816
   0.479      0.985057
   0.483      0.997293
   0.487      1.009524
   0.491      1.021748
   0.495      1.033962
   0.498      1.046164
   0.502      1.058354
   0.506      1.070528
   0.510      1.082685
   0.514      1.094823
   0.518      1.106940
   0.521      1.119035
   0.525      1.131105
   0.529      1.143149
   0.533      1.155164
   0.537      1.167150
   0.541      1.179103
   0.544      1.191023
   0.548      1.202908
   0.552      1.214755
   0.556      1.226564
   0.560      1.238331
   0.564      1.250056
   0.567      1.261737
   0.571      1.273372
   0.575      1.284959
   0.579      1.296497
   0.583      1.307983
   0.587      1.319417
   0.590      1.330796
   0.594      1.342120
   0.598      1.353386
   0.602      1.364592
   0.606      1.375738
   0.610      1.386821
   0.613      1.397840
   0.617      1.408793
   0.621      1.419680
   0.625      1.430498
   0.629      1.441245
   0.633      1.451922
   0.636      1.462525
   0.640      1.473053
   0.644      1.483506
   0.648      1.493882
   0.652      1.504179
   0.656      1.514395
   0.659      1.524531
   0.663      1.534584
   0.667      1.544552
   0.671      1.554436
   0.675      1.564233
   0.679      1.573942
   0.682      1.583562
   0.686      1.593092
   0.690      1.602531
   0.694      1.611877
   0.698      1.621130
   0.702      1.630287
   0.705      1.639349
   0.709      1.648314
   0.713      1.657181
   0.717      1.665950
   0.721      1.674618
   0.725      1.683185
   0.728      1.691650
   0.732      1.700013
   0.736      1.708272
   0.740      1.716426
   0.744      1.724475
   0.748      1.732418
   0.751      1.740254
   0.755      1.747982
   0.759      1.755601
   0.763      1.763111
   0.767      1.770511
   0.771      1.777800
   0.774      1.784978
   0.778      1.792043
   0.782      1.798997
   0.786      1.805837
   0.790      1.812563
   0.794      1.819175
   0.797      1.825672
   0.801      1.832054
   0.805      1.838320
   0.809      1.844470
   0.813      1.850503
   0.817      1.856419
   0.820      1.862218
   0.824      1.867900
   0.828      1.873463
   0.832      1.878908
   0.836      1.884234
   0.840      1.889442
   0.843      1.894530
   0.847      1.899500
   0.851      1.904350
   0.855      1.909080
   0.859      1.913691
   0.863      1.918182
   0.866      1.922553
   0.870      1.926804
   0.874      1.930936
   0.878      1.934947
   0.882      1.938839
   0.886      1.942610
   0.889      1.946262
   0.893      1.949794
   0.897      1.953207
   0.901      1.956500
   0.905      1.959674
   0.909      1.962729
   0.912      1.965664
   0.916      1.968481
   0.920      1.971180
   0.924      1.973760
   0.928      1.976222
   0.932      1.978567
   0.935      1.980794
   0.939      1.982904
   0.943      1.984898
   0.947      1.986776
   0.951      1.988537
   0.955      1.990183
   0.958      1.991714
   0.962      1.993131
   0.966      1.994433
   0.970      1.995622
   0.974      1.996698
   0.978      1.997662
   0.981      1.998513
   0.985      1.999253
   0.989      1.999882
   0.993      2.000401
   0.997      2.000810
   1.001      2.001111
   1.004      2.001302
   1.008      2.001387
   1.012      2.001364
   1.016      2.001235
   1.020      2.001000
   1.024      2.000660
   1.027      2.000216
   1.031      1.999669
   1.035      1.999019
   1.039      1.998267
   1.043      1.997414
   1.047      1.996460
   1.050      1.995407
   1.054      1.994256
   1.058      1.993006
   1.062      1.991660
   1.066      1.990217
   1.070      1.988679
   1.073      1.987046
   1.077      1.985320
   1.081      1.983502
   1.085      1.981591
   1.089      1.979590
   1.093      1.977499
   1.096      1.975319
   1.100      1.973050
   1.104      1.970695
   1.108      1.968253
   1.112      1.965726
   1.116      1.963115
   1.119      1.960421
   1.123      1.957644
   1.127      1.954786
   1.131      1.951848
   1.135      1.948830
   1.139      1.945734
   1.142      1.942560
   1.146      1.939310
   1.150      1.935985
   1.154      1.932586
   1.158      1.929113
   1.162      1.925568
   1.165      1.921952
   1.169      1.918265
   1.173      1.914509
   1.177      1.910685
   1.181      1.906794
   1.185      1.902837
   1.188      1.898814
   1.192      1.894728
   1.196      1.890578
   1.200      1.886367
   1.204      1.882094
   1.208      1.877762
   1.211      1.873371
   1.215      1.868922
   1.219      1.864416
   1.223      1.859854
   1.227      1.855237
   1.231      1.850567
   1.234      1.845844
   1.238      1.841069
   1.242      1.836244
   1.246      1.831369
   1.250      1.826445
   1.254      1.821474
   1.257      1.816456
   1.261      1.811393
   1.265      1.806284
   1.269      1.801133
   1.273      1.795938
   1.277      1.790702
   1.280      1.785426
   1.284      1.780109
   1.288      1.774754
   1.292      1.769361
   1.296      1.763932
   1.300      1.758467
   1.303      1.752966
   1.307      1.747432
   1.311      1.741865
   1.315      1.736266
   1.319      1.730636
   1.323      1.724976
   1.326      1.719286
   1.330      1.713568
   1.334      1.707823
   1.338      1.702051
   1.342      1.696254
   1.346      1.690431
   1.349      1.684585
   1.353      1.678716
   1.357      1.672825
   1.361      1.666912
   1.365      1.660979
   1.369      1.655027
   1.372      1.649055
   1.376      1.643066
   1.380      1.637059
   1.384      1.631037
   1.388      1.624998
   1.392      1.618945
   1.395      1.612878
   1.399      1.606798
   1.403      1.600705
   1.407      1.594601
   1.411      1.588486
   1.415      1.582360
   1.418      1.576226
   1.422      1.570082
   1.426      1.563931
   1.430      1.557772
   1.434      1.551607
   1.438      1.545435
   1.441      1.539259
   1.445      1.533078
   1.449      1.526893
   1.453      1.520705
   1.457      1.514514
   1.461      1.508321
   1.464      1.502127
   1.468      1.495933
   1.472      1.489738
   1.476      1.483544
   1.480      1.477350
   1.484      1.471159
   1.487      1.464970
   1.491      1.458783
   1.495      1.452600
   1.499      1.446421
   1.503      1.440246
   1.507      1.434077
   1.510      1.427912
   1.514      1.421754
   1.518      1.415603
   1.522      1.409458
   1.526      1.403321
   1.530      1.397192
   1.533      1.391071
   1.537      1.384959
   1.541      1.378857
   1.545      1.372764
   1.549      1.366681
   1.553      1.360610
   1.556      1.354549
   1.560      1.348500
   1.564      1.342462
   1.568      1.336437
   1.572      1.330425
   1.576      1.324425
   1.579      1.318439
   1.583      1.312467
   1.587      1.306509
   1.591      1.300565
   1.595      1.294636
   1.599      1.288722
   1.602      1.282824
   1.606      1.276941
   1.610      1.271074
   1.614      1.265224
   1.618      1.259390
   1.622      1.253573
   1.625      1.247774
   1.629      1.241992
   1.633      1.236227
   1.637      1.230481
   1.641      1.224752
   1.645      1.219043
   1.648      1.213352
   1.652      1.207679
   1.656      1.202026
   1.660      1.196392
   1.664      1.190778
   1.668      1.185183
   1.671      1.179609
   1.675      1.174054
   1.679      1.168520
   1.683      1.163006
   1.687      1.157513
   1.691      1.152041
   1.694      1.146589
   1.698      1.141159
   1.702      1.135750
   1.706      1.130362
   1.710      1.124995
   1.714      1.119651
   1.717      1.114328
   1.721      1.109027
   1.725      1.103747
   1.729      1.098490
   1.733      1.093255
   1.737      1.088043
   1.740      1.082852
   1.744      1.077684
   1.748      1.072538
   1.752      1.067415
   1.756      1.062315
   1.760      1.057237
   1.763      1.052182
   1.767      1.047150
   1.771      1.042141
   1.775      1.037155
   1.779      1.032191
   1.783      1.027250
   1.786      1.022333
   1.790      1.017438
   1.794      1.012567
   1.798      1.007718
   1.802      1.002893
   1.806      0.998091
   1.809      0.993311
   1.813      0.988555
   1.817      0.983822
   1.821      0.979112
   1.825      0.974425
   1.829      0.969761
   1.832      0.965121
   1.836      0.960503
   1.840      0.955908
   1.844      0.951336
   1.848      0.946788
   1.852      0.942262
   1.855      0.937759
   1.859      0.933279
   1.863      0.928821
   1.867      0.924387
   1.871      0.919975
   1.875      0.915586
   1.878      0.911220
   1.882      0.906876
   1.886      0.902554
   1.890      0.898256
   1.894      0.893979
   1.898      0.889725
   1.901      0.885493
   1.905      0.881284
   1.909      0.877096
   1.913      0.872931
   1.917      0.868788
   1.921      0.864666
   1.924      0.860567
   1.928      0.856489
   1.932      0.852433
   1.936      0.848398
   1.940      0.844386
   1.944      0.840394
   1.947      0.836424
   1.951      0.832475
   1.955      0.828548
   1.959      0.824641
   1.963      0.820756
   1.967      0.816891
   1.970      0.813047
   1.974      0.809224
   1.978      0.805422
   1.982      0.801640
   1.986      0.797879
   1.990      0.794138
   1.993      0.790417
   1.997      0.786716
   2.001      0.783035
   2.005      0.779375
   2.009      0.775734
   2.013      0.772112
   2.016      0.768511
   2.020      0.764929
   2.024      0.761366
   2.028      0.757822
   2.032      0.754298
   2.036      0.750793
   2.039      0.747307
   2.043      0.743839
   2.047      0.740391
   2.051      0.736961
   2.055      0.733549
   2.059      0.730156
   2.062      0.726781
   2.066      0.723425
   2.070      0.720086
   2.074      0.716765
   2.078      0.713463
   2.082      0.710178
   2.085      0.706910
   2.089      0.703661
   2.093      0.700428
   2.097      0.697213
   2.101      0.694015
   2.105      0.690834
   2.108      0.687670
   2.112      0.684523
   2.116      0.681393
   2.120      0.678279
   2.124      0.675182
   2.128      0.672101
   2.131      0.669037
   2.135      0.665988
   2.139      0.662956
   2.143      0.659940
   2.147      0.656939
   2.151      0.653955
   2.154      0.650985
   2.158      0.648032
   2.162      0.645094
   2.166      0.642171
   2.170      0.639263
   2.174      0.636371
   2.177      0.633493
   2.181      0.630630
   2.185      0.627783
   2.189      0.624949
   2.193      0.622131
   2.196      0.619327
   2.200      0.616537
   2.204      0.613761
   2.208      0.611000
   2.212      0.608253
   2.216      0.605519
   2.219      0.602800
   2.223      0.600094
   2.227      0.597402
   2.231      0.594724
   2.235      0.592059
   2.239      0.589407
   2.242      0.586769
   2.246      0.584144
   2.250      0.581532
   2.254      0.578933
   2.258      0.576347
   2.262      0.573774
   2.265      0.571213
   2.269      0.568665
   2.273      0.566130
   2.277      0.563607
   2.281      0.561097
   2.285      0.558599
   2.288      0.556113
   2.292      0.553639
   2.296      0.551177
   2.300      0.548728
   2.304      0.546290
   2.308      0.543864
   2.311      0.541450
   2.315      0.539047
   2.319      0.536656
   2.323      0.534276
   2.327      0.531908
   2.331      0.529551
   2.334      0.527206
   2.338      0.524871
   2.342      0.522548
   2.346      0.520236
   2.350      0.517935
   2.354      0.515645
   2.357      0.513365
   2.361      0.511097
   2.365      0.508839
   2.369      0.506591
   2.373      0.504355
   2.377      0.502128
   2.380      0.499913
   2.384      0.497707
   2.388      0.495512
   2.392      0.493327
   2.396      0.491153
   2.400      0.488988
   2.403      0.486834
   2.407      0.484690
   2.411      0.482555
   2.415      0.480431
   2.419      0.478316
   2.423      0.476211
   2.426      0.474116
   2.430      0.472031
   2.434      0.469955
   2.438      0.467889
   2.442      0.465832
   2.446      0.463785
   2.449      0.461747
   2.453      0.459718
   2.457      0.457699
   2.461      0.455689
   2.465      0.453689
   2.469      0.451697
   2.472      0.449715
   2.476      0.447741
   2.480      0.445777
   2.484      0.443822
   2.488      0.441876
   2.492      0.439938
   2.495      0.438009
   2.499      0.436090
   2.503      0.434179
   2.507      0.432276
   2.511      0.430383
   2.515      0.428498
   2.518      0.426621
   2.522      0.424753
   2.526      0.422894
   2.530      0.421043
   2.534      0.419200
   2.538      0.417366
   2.541      0.415540
   2.545      0.413723
   2.549      0.411913
   2.553      0.410112
   2.557      0.408319
   2.561      0.406534
   2.564      0.404758
   2.568      0.402989
   2.572      0.401228
   2.576      0.399475
   2.580      0.397731
   2.584      0.395994
   2.587      0.394264
   2.591      0.392543
   2.595      0.390830
   2.599      0.389124
   2.603      0.387426
   2.607      0.385735
   2.610      0.384052
   2.614      0.382377
   2.618      0.380709
   2.622      0.379049
   2.626      0.377396
   2.630      0.375751
   2.633      0.374113
   2.637      0.372482
   2.641      0.370858
   2.645      0.369242
   2.649      0.367633
   2.653      0.366032
   2.656      0.364437
   2.660      0.362850
   2.664      0.361270
   2.668      0.359696
   2.672      0.358130
   2.676      0.356571
   2.679      0.355018
   2.683      0.353473
   2.687      0.351935
   2.691      0.350403
   2.695      0.348878
   2.699      0.347360
   2.702      0.345849
   2.706      0.344344
   2.710      0.342846
   2.714      0.341355
   2.718      0.339870
   2.722      0.338392
   2.725      0.336920
   2.729      0.335455
   2.733      0.333997
   2.737      0.332544
   2.741      0.331099
   2.745      0.329659
   2.748      0.328226
   2.752      0.326800
   2.756      0.325379
   2.760      0.323965
   2.764      0.322557
   2.768      0.321155
   2.771      0.319760
   2.775      0.318370
   2.779      0.316987
   2.783      0.315609
   2.787      0.314238
   2.791      0.312873
   2.794      0.311513
   2.798      0.310160
   2.802      0.308813
   2.806      0.307471
   2.810      0.306135
   2.814      0.304805
   2.817      0.303481
   2.821      0.302163
   2.825      0.300851
   2.829      0.299544
   2.833      0.298242
   2.837      0.296947
   2.840      0.295657
   2.844      0.294373
   2.848      0.293094
   2.852      0.291821
   2.856      0.290553
   2.860      0.289291
   2.863      0.288034
   2.867      0.286783
   2.871      0.285537
   2.875      0.284297
   2.879      0.283061
   2.883      0.281832
   2.886      0.280607
   2.890      0.279388
   2.894      0.278174
   2.898      0.276965
   2.902      0.275761
   2.906      0.274563
   2.909      0.273370
   2.913      0.272182
   2.917      0.270998
   2.921      0.269820
   2.925      0.268647
   2.929      0.267479
   2.932      0.266317
   2.936      0.265159
   2.940      0.264005
   2.944      0.262857
   2.948      0.261714
   2.952      0.260576
   2.955      0.259442
   2.959      0.258313
   2.963      0.257190
   2.967      0.256070
   2.971      0.254956
   2.975      0.253846
   2.978      0.252741
   2.982      0.251641
   2.986      0.250545
   2.990      0.249454
   2.994      0.248368
   2.998      0.247286
   3.001      0.246209
   3.005      0.245136
   3.009      0.244068
   3.013      0.243004
   3.017      0.241945
   3.021      0.240890
   3.024      0.239840
   3.028      0.238794
   3.032      0.237753
   3.036      0.236716
   3.040      0.235683
   3.044      0.234654
   3.047      0.233630
   3.051      0.232610
   3.055      0.231594
   3.059      0.230583
   3.063      0.229576
   3.067      0.228573
   3.070      0.227574
   3.074      0.226579
   3.078      0.225589
   3.082      0.224602
   3.086      0.223620
   3.090      0.222642
   3.093      0.221668
   3.097      0.220697
   3.101      0.219731
   3.105      0.218769
   3.109      0.217811
   3.113      0.216857
   3.116      0.215907
   3.120      0.214960
   3.124      0.214018
   3.128      0.213079
   3.132      0.212144
   3.136      0.211214
   3.139      0.210286
   3.143      0.209363
   3.147      0.208444
   3.151      0.207528
   3.155      0.206616
   3.159      0.205708
   3.162      0.204803
   3.166      0.203903
   3.170      0.203005
   3.174      0.202112
   3.178      0.201222
   3.182      0.200336
   3.185      0.199453
   3.189      0.198574
   3.193      0.197699
   3.197      0.196827
   3.201      0.195959
   3.205      0.195094
   3.208      0.194233
   3.212      0.193375
   3.216      0.192520
   3.220      0.191669
   3.224      0.190822
   3.228      0.189978
   3.231      0.189137
   3.235      0.188300
   3.239      0.187466
   3.243      0.186635
   3.247      0.185808
   3.251      0.184984
   3.254      0.184164
   3.258      0.183346
   3.262      0.182532
   3.266      0.181722
   3.270      0.180914
   3.274      0.180110
   3.277      0.179309
   3.281      0.178511
   3.285      0.177716
   3.289      0.176924
   3.293      0.176136
   3.297      0.175351
   3.300      0.174568
   3.304      0.173789
   3.308      0.173013
   3.312      0.172240
   3.316      0.171471
   3.320      0.170704
   3.323      0.169940
   3.327      0.169179
   3.331      0.168422
   3.335      0.167667
   3.339      0.166915
   3.343      0.166166
   3.346      0.165420
   3.350      0.164677
   3.354      0.163937
   3.358      0.163200
   3.362      0.162466
   3.366      0.161734
   3.369      0.161006
   3.373      0.160280
   3.377      0.159557
   3.381      0.158837
   3.385      0.158120
   3.389      0.157405
   3.392      0.156694
   3.396      0.155985
   3.400      0.155279
   3.404      0.154575
   3.408      0.153875
   3.412      0.153177
   3.415      0.152481
   3.419      0.151789
   3.423      0.151099
   3.427      0.150412
   3.431      0.149727
   3.435      0.149045
   3.438      0.148366
   3.442      0.147689
   3.446      0.147015
   3.450      0.146343
   3.454      0.145674
   3.458      0.145008
   3.461      0.144344
   3.465      0.143683
   3.469      0.143024
   3.473      0.142368
   3.477      0.141714
   3.481      0.141063
   3.484      0.140414
   3.488      0.139768
   3.492      0.139124
   3.496      0.138482
   3.500      0.137843
   3.504      0.137207
   3.507      0.136573
   3.511      0.135941
   3.515      0.135311
   3.519      0.134684
   3.523      0.134060
   3.527      0.133437
   3.530      0.132818
   3.534      0.132200
   3.538      0.131585
   3.542      0.130972
   3.546      0.130361
   3.550      0.129752
   3.553      0.129146
   3.557      0.128542
   3.561      0.127941
   3.565      0.127341
   3.569      0.126744
   3.573      0.126149
   3.576      0.125557
   3.580      0.124966
   3.584      0.124378
   3.588      0.123792
   3.592      0.123208
   3.596      0.122626
   3.599      0.122046
   3.603      0.121469
   3.607      0.120893
   3.611      0.120320
   3.615      0.119749
   3.619      0.119180
   3.622      0.118613
   3.626      0.118048
   3.630      0.117485
   3.634      0.116925
   3.638      0.116366
   3.642      0.115809
   3.645      0.115255
   3.649      0.114702
   3.653      0.114151
   3.657      0.113603
   3.661      0.113056
   3.665      0.112512
   3.668      0.111969
   3.672      0.111428
   3.676      0.110890
   3.680      0.110353
   3.684      0.109818
   3.688      0.109285
   3.691      0.108754
   3.695      0.108225
   3.699      0.107698
   3.703      0.107173
   3.707      0.106650
   3.711      0.106128
   3.714      0.105608
   3.718      0.105091
   3.722      0.104575
   3.726      0.104061
   3.730      0.103548
   3.734      0.103038
   3.737      0.102529
   3.741      0.102023
   3.745      0.101518
   3.749      0.101014
   3.753      0.100513
   3.757      0.100013
   3.760      0.099516
   3.764      0.099019
   3.768      0.098525
   3.772      0.098032
   3.776      0.097541
   3.780      0.097052
   3.783      0.096565
   3.787      0.096079
   3.791      0.095595
   3.795      0.095113
   3.799      0.094632
   3.803      0.094153
   3.806      0.093676
   3.810      0.093200
   3.814      0.092726
   3.818      0.092254
   3.822      0.091783
   3.826      0.091314
   3.829      0.090846
   3.833      0.090381
   3.837      0.089916
   3.841      0.089454
   3.845      0.088993
   3.849      0.088533
   3.852      0.088075
   3.856      0.087619
   3.860      0.087164
   3.864      0.086711
   3.868      0.086259
   3.872      0.085809
   3.875      0.085361
   3.879      0.084914
   3.883      0.084468
   3.887      0.084024
   3.891      0.083581
   3.895      0.083140
   3.898      0.082701
   3.902      0.082263
   3.906      0.081826
   3.910      0.081391
   3.914      0.080958
   3.918      0.080525
   3.921      0.080095
   3.925      0.079665
   3.929      0.079238
   3.933      0.078811
   3.937      0.078386
   3.941      0.077963
   3.944      0.077540
   3.948      0.077120
   3.952      0.076700
   3.956      0.076282
   3.960      0.075866
   3.964      0.075451
   3.967      0.075037
   3.971      0.074624
   3.975      0.074213
   3.979      0.073803
   3.983      0.073395
   3.987      0.072988
   3.990      0.072582
   3.994      0.072178
   3.998      0.071775
   4.002      0.071373
   4.006      0.070972
   4.010      0.070573
   4.013      0.070175
   4.017      0.069779
   4.021      0.069383
   4.025      0.068989
   4.029      0.068596
   4.033      0.068205
   4.036      0.067815
   4.040      0.067426
   4.044      0.067038
   4.048      0.066651
   4.052      0.066266
   4.056      0.065882
   4.059      0.065499
   4.063      0.065118
   4.067      0.064737
   4.071      0.064358
   4.075      0.063980
   4.079      0.063604
   4.082      0.063228
   4.086      0.062854
   4.090      0.062480
   4.094      0.062108
   4.098      0.061737
   4.102      0.061368
   4.105      0.060999
   4.109      0.060632
   4.113      0.060265
   4.117      0.059900
   4.121      0.059536
   4.125      0.059173
   4.128      0.058812
   4.132      0.058451
   4.136      0.058092
   4.140      0.057733
   4.144      0.057376
   4.148      0.057020
   4.151      0.056665
   4.155      0.056311
   4.159      0.055958
   4.163      0.055606
   4.167      0.055255
   4.171      0.054905
   4.174      0.054557
   4.178      0.054209
   4.182      0.053862
   4.186      0.053517
   4.190      0.053172
   4.194      0.052829
   4.197      0.052487
   4.201      0.052145
   4.205      0.051805
   4.209      0.051465
   4.213      0.051127
   4.217      0.050790
   4.220      0.050453
   4.224      0.050118
   4.228      0.049784
   4.232      0.049450
   4.236      0.049118
   4.240      0.048787
   4.243      0.048456
   4.247      0.048127
   4.251      0.047798
   4.255      0.047471
   4.259      0.047144
   4.263      0.046819
   4.266      0.046494
   4.270      0.046170
   4.274      0.045847
   4.278      0.045526
   4.282      0.045205
   4.286      0.044885
   4.289      0.044566
   4.293      0.044247
   4.297      0.043930
   4.301      0.043614
   4.305      0.043298
   4.309      0.042984
   4.312      0.042670
   4.316      0.042357
   4.320      0.042045
   4.324      0.041734
   4.328      0.041424
   4.332      0.041115
   4.335      0.040806
   4.339      0.040499
   4.343      0.040192
   4.347      0.039886
   4.351      0.039581
   4.355      0.039277
   4.358      0.038974
   4.362      0.038671
   4.366      0.038369
   4.370      0.038069
   4.374      0.037768
   4.378      0.037469
   4.381      0.037171
   4.385      0.036873
   4.389      0.036577
   4.393      0.036281
   4.397      0.035985
   4.401      0.035691
   4.404      0.035397
   4.408      0.035105
   4.412      0.034813
   4.416      0.034521
   4.420      0.034231
   4.424      0.033941
   4.427      0.033652
   4.431      0.033364
   4.435      0.033077
   4.439      0.032790
   4.443      0.032504
   4.447      0.032219
   4.450      0.031934
   4.454      0.031651
   4.458      0.031368
   4.462      0.031086
   4.466      0.030804
   4.470      0.030523
   4.473      0.030243
   4.477      0.029964
   4.481      0.029685
   4.485      0.029408
   4.489      0.029130
   4.493      0.028854
   4.496      0.028578
   4.500      0.028303
   4.504      0.028029
   4.508      0.027755
   4.512      0.027482
   4.516      0.027209
   4.519      0.026938
   4.523      0.026667
   4.527      0.026396
   4.531      0.026127
   4.535      0.025858
   4.539      0.025589
   4.542      0.025322
   4.546      0.025055
   4.550      0.024788
   4.554      0.024522
   4.558      0.024257
   4.562      0.023993
   4.565      0.023729
   4.569      0.023466
   4.573      0.023203
   4.577      0.022941
   4.581      0.022680
   4.585      0.022419
   4.588      0.022159
   4.592      0.021900
   4.596      0.021641
   4.600      0.021382
   4.604      0.021125
   4.608      0.020868
   4.611      0.020611
   4.615      0.020355
   4.619      0.020100
   4.623      0.019845
   4.627      0.019591
   4.631      0.019337
   4.634      0.019084
   4.638      0.018832
   4.642      0.018580
   4.646      0.018329
   4.650      0.018078
   4.654      0.017828
   4.657      0.017578
   4.661      0.017329
   4.665      0.017081
   4.669      0.016833
   4.673      0.016585
   4.677      0.016338
   4.680      0.016092
   4.684      0.015846
   4.688      0.015601
   4.692      0.015356
   4.696      0.015112
   4.700      0.014868
   4.703      0.014625
   4.707      0.014382
   4.711      0.014140
   4.715      0.013898
   4.719      0.013657
   4.723      0.013416
   4.726      0.013176
   4.730      0.012936
   4.734      0.012697
   4.738      0.012458
   4.742      0.012220
   4.746      0.011983
   4.749      0.011745
   4.753      0.011508
   4.757      0.011272
   4.761      0.011036
   4.765      0.010801
   4.769      0.010566
   4.772      0.010332
   4.776      0.010098
   4.780      0.009864
   4.784      0.009631
   4.788      0.009399
   4.792      0.009166
   4.795      0.008935
   4.799      0.008703
   4.803      0.008473
   4.807      0.008242
   4.811      0.008012
   4.815      0.007783
   4.818      0.007554
   4.822      0.007325
   4.826      0.007097
   4.830      0.006869
   4.834      0.006641
   4.838      0.006414
   4.841      0.006188
   4.845      0.005962
   4.849      0.005736
   4.853      0.005511
   4.857      0.005286
   4.861      0.005061
   4.864      0.004837
   4.868      0.004613
   4.872      0.004390
   4.876      0.004167
   4.880      0.003944
   4.884      0.003722
   4.887      0.003500
   4.891      0.003279
   4.895      0.003058
   4.899      0.002837
   4.903      0.002616
   4.907      0.002396
   4.910      0.002177
   4.914      0.001958
   4.918      0.001739
   4.922      0.001520
   4.926      0.001302
   4.930      0.001084
   4.933      0.000867
   4.937      0.000649
   4.941      0.000433
   4.945      0.000216
   4.949      0.000000
