   0.000      0.312084
   0.004      0.312093
   0.008      0.312102
   0.011      0.312117
   0.015      0.312138
   0.019      0.312165
   0.023      0.312198
   0.027      0.312237
   0.031      0.312282
   0.035      0.312333
   0.038      0.312389
   0.042      0.312452
   0.046      0.312521
   0.050      0.312596
   0.054      0.312677
   0.058      0.312764
   0.061      0.312857
   0.065      0.312956
   0.069      0.313061
   0.073      0.313172
   0.077      0.313289
   0.080      0.313412
   0.084      0.313541
   0.088      0.313676
   0.092      0.313817
   0.096      0.313965
   0.100      0.314118
   0.103      0.314277
   0.107      0.314442
   0.111      0.314614
   0.115      0.314791
   0.119      0.314975
   0.123      0.315164
   0.126      0.315360
   0.130      0.315562
   0.134      0.315769
   0.138      0.315983
   0.142      0.316203
   0.146      0.316429
   0.149      0.316661
   0.153      0.316900
   0.157      0.317144
   0.161      0.317395
   0.165      0.317651
   0.169      0.317914
   0.172      0.318183
   0.176      0.318458
   0.180      0.318740
   0.184      0.319027
   0.188      0.319321
   0.192      0.319621
   0.195      0.319927
   0.199      0.320239
   0.203      0.320557
   0.207      0.320882
   0.211      0.321213
   0.215      0.321550
   0.218      0.321893
   0.222      0.322243
   0.226      0.322599
   0.230      0.322961
   0.234      0.323330
   0.238      0.323705
   0.241      0.324086
   0.245      0.324473
   0.249      0.324867
   0.253      0.325268
   0.257      0.325674
   0.261      0.326087
   0.264      0.326507
   0.268      0.326932
   0.272      0.327365
   0.276      0.327803
   0.280      0.328248
   0.284      0.328700
   0.287      0.329158
   0.291      0.329622
   0.295      0.330094
   0.299      0.330571
   0.303      0.331055
   0.307      0.331546
   0.311      0.332043
   0.314      0.332547
   0.318      0.333057
   0.322      0.333574
   0.326      0.334098
   0.330      0.334628
   0.334      0.335165
   0.337      0.335708
   0.341      0.336258
   0.345      0.336815
   0.349      0.337379
   0.353      0.337949
   0.357      0.338526
   0.360      0.339110
   0.364      0.339701
   0.368      0.340298
   0.372      0.340902
   0.376      0.341513
   0.380      0.342131
   0.383      0.342756
   0.387      0.343388
   0.391      0.344026
   0.395      0.344672
   0.399      0.345324
   0.403      0.345983
   0.406      0.346649
   0.410      0.347323
   0.414      0.348003
   0.418      0.348690
   0.422      0.349384
   0.426      0.350085
   0.429      0.350794
   0.433      0.351509
   0.437      0.352232
   0.441      0.352961
   0.445      0.353698
   0.449      0.354442
   0.452      0.355193
   0.456      0.355951
   0.460      0.356717
   0.464      0.357489
   0.468      0.358269
   0.472      0.359056
   0.475      0.359850
   0.479      0.360652
   0.483      0.361461
   0.487      0.362277
   0.491      0.363101
   0.495      0.363932
   0.498      0.364770
   0.502      0.365616
   0.506      0.366469
   0.510      0.367330
   0.514      0.368198
   0.518      0.369073
   0.521      0.369956
   0.525      0.370846
   0.529      0.371744
   0.533      0.372650
   0.537      0.373563
   0.541      0.374483
   0.544      0.375411
   0.548      0.376347
   0.552      0.377290
   0.556      0.378241
   0.560      0.379200
   0.564      0.380166
   0.567      0.381140
   0.571      0.382121
   0.575      0.383110
   0.579      0.384107
   0.583      0.385112
   0.587      0.386124
   0.590      0.387145
   0.594      0.388173
   0.598      0.389208
   0.602      0.390252
   0.606      0.391303
   0.610      0.392362
   0.613      0.393429
   0.617      0.394504
   0.621      0.395587
   0.625      0.396677
   0.629      0.397776
   0.633      0.398882
   0.636      0.399997
   0.640      0.401119
   0.644      0.402249
   0.648      0.403387
   0.652      0.404533
   0.656      0.405687
   0.659      0.406849
   0.663      0.408019
   0.667      0.409197
   0.671      0.410383
   0.675      0.411577
   0.679      0.412779
   0.682      0.413989
   0.686      0.415207
   0.690      0.416433
   0.694      0.417667
   0.698      0.418910
   0.702      0.420160
   0.705      0.421418
   0.709      0.422685
   0.713      0.423959
   0.717      0.425242
   0.721      0.426533
   0.725      0.427831
   0.728      0.429138
   0.732      0.430453
   0.736      0.431776
   0.740      0.433108
   0.744      0.434447
   0.748      0.435794
   0.751      0.437150
   0.755      0.438513
   0.759      0.439885
   0.763      0.441265
   0.767      0.442653
   0.771      0.444048
   0.774      0.445452
   0.778      0.446865
   0.782      0.448285
   0.786      0.449713
   0.790      0.451149
   0.794      0.452594
   0.797      0.454046
   0.801      0.455507
   0.805      0.456975
   0.809      0.458451
   0.813      0.459936
   0.817      0.461429
   0.820      0.462929
   0.824      0.464437
   0.828      0.465954
   0.832      0.467478
   0.836      0.469011
   0.840      0.470551
   0.843      0.472099
   0.847      0.473655
   0.851      0.475219
   0.855      0.476791
   0.859      0.478370
   0.863      0.479957
   0.866      0.481553
   0.870      0.483155
   0.874      0.484766
   0.878      0.486384
   0.882      0.488010
   0.886      0.489644
   0.889      0.491285
   0.893      0.492934
   0.897      0.494591
   0.901      0.496255
   0.905      0.497926
   0.909      0.499605
   0.912      0.501292
   0.916      0.502986
   0.920      0.504687
   0.924      0.506396
   0.928      0.508112
   0.932      0.509835
   0.935      0.511565
   0.939      0.513303
   0.943      0.515048
   0.947      0.516800
   0.951      0.518559
   0.955      0.520325
   0.958      0.522097
   0.962      0.523877
   0.966      0.525664
   0.970      0.527458
   0.974      0.529258
   0.978      0.531065
   0.981      0.532879
   0.985      0.534699
   0.989      0.536526
   0.993      0.538360
   0.997      0.540200
   1.001      0.542046
   1.004      0.543899
   1.008      0.545757
   1.012      0.547623
   1.016      0.549494
   1.020      0.551371
   1.024      0.553255
   1.027      0.555144
   1.031      0.557039
   1.035      0.558940
   1.039      0.560847
   1.043      0.562759
   1.047      0.564677
   1.050      0.566601
   1.054      0.568530
   1.058      0.570464
   1.062      0.572403
   1.066      0.574348
   1.070      0.576298
   1.073      0.578253
   1.077      0.580213
   1.081      0.582178
   1.085      0.584147
   1.089      0.586121
   1.093      0.588100
   1.096      0.590083
   1.100      0.592071
   1.104      0.594063
   1.108      0.596059
   1.112      0.598060
   1.116      0.600064
   1.119      0.602073
   1.123      0.604085
   1.127      0.606101
   1.131      0.608120
   1.135      0.610143
   1.139      0.612169
   1.142      0.614199
   1.146      0.616232
   1.150      0.618268
   1.154      0.620307
   1.158      0.622349
   1.162      0.624393
   1.165      0.626441
   1.169      0.628490
   1.173      0.630542
   1.177      0.632597
   1.181      0.634653
   1.185      0.636712
   1.188      0.638772
   1.192      0.640834
   1.196      0.642898
   1.200      0.644963
   1.204      0.647030
   1.208      0.649098
   1.211      0.651167
   1.215      0.653237
   1.219      0.655308
   1.223      0.657380
   1.227      0.659452
   1.231      0.661525
   1.234      0.663598
   1.238      0.665671
   1.242      0.667744
   1.246      0.669817
   1.250      0.671890
   1.254      0.673962
   1.257      0.676034
   1.261      0.678105
   1.265      0.680175
   1.269      0.682245
   1.273      0.684313
   1.277      0.686380
   1.280      0.688445
   1.284      0.690509
   1.288      0.692571
   1.292      0.694631
   1.296      0.696689
   1.300      0.698745
   1.303      0.700798
   1.307      0.702849
   1.311      0.704897
   1.315      0.706943
   1.319      0.708985
   1.323      0.711024
   1.326      0.713060
   1.330      0.715092
   1.334      0.717120
   1.338      0.719145
   1.342      0.721165
   1.346      0.723182
   1.349      0.725194
   1.353      0.727201
   1.357      0.729204
   1.361      0.731202
   1.365      0.733195
   1.369      0.735183
   1.372      0.737165
   1.376      0.739142
   1.380      0.741113
   1.384      0.743079
   1.388      0.745038
   1.392      0.746991
   1.395      0.748938
   1.399      0.750878
   1.403      0.752811
   1.407      0.754737
   1.411      0.756656
   1.415      0.758569
   1.418      0.760473
   1.422      0.762370
   1.426      0.764259
   1.430      0.766140
   1.434      0.768014
   1.438      0.769878
   1.441      0.771735
   1.445      0.773582
   1.449      0.775421
   1.453      0.777251
   1.457      0.779072
   1.461      0.780883
   1.464      0.782685
   1.468      0.784477
   1.472      0.786260
   1.476      0.788032
   1.480      0.789794
   1.484      0.791546
   1.487      0.793287
   1.491      0.795017
   1.495      0.796737
   1.499      0.798446
   1.503      0.800143
   1.507      0.801829
   1.510      0.803504
   1.514      0.805167
   1.518      0.806818
   1.522      0.808457
   1.526      0.810084
   1.530      0.811699
   1.533      0.813301
   1.537      0.814890
   1.541      0.816467
   1.545      0.818031
   1.549      0.819581
   1.553      0.821119
   1.556      0.822643
   1.560      0.824153
   1.564      0.825650
   1.568      0.827133
   1.572      0.828602
   1.576      0.830056
   1.579      0.831497
   1.583      0.832923
   1.587      0.834334
   1.591      0.835731
   1.595      0.837113
   1.599      0.838480
   1.602      0.839832
   1.606      0.841169
   1.610      0.842490
   1.614      0.843796
   1.618      0.845086
   1.622      0.846360
   1.625      0.847619
   1.629      0.848862
   1.633      0.850088
   1.637      0.851298
   1.641      0.852492
   1.645      0.853670
   1.648      0.854831
   1.652      0.855975
   1.656      0.857103
   1.660      0.858214
   1.664      0.859308
   1.668      0.860384
   1.671      0.861444
   1.675      0.862486
   1.679      0.863511
   1.683      0.864519
   1.687      0.865509
   1.691      0.866481
   1.694      0.867436
   1.698      0.868373
   1.702      0.869292
   1.706      0.870194
   1.710      0.871077
   1.714      0.871942
   1.717      0.872789
   1.721      0.873618
   1.725      0.874429
   1.729      0.875221
   1.733      0.875995
   1.737      0.876751
   1.740      0.877488
   1.744      0.878206
   1.748      0.878906
   1.752      0.879588
   1.756      0.880250
   1.760      0.880895
   1.763      0.881520
   1.767      0.882126
   1.771      0.882714
   1.775      0.883283
   1.779      0.883833
   1.783      0.884365
   1.786      0.884877
   1.790      0.885371
   1.794      0.885845
   1.798      0.886301
   1.802      0.886737
   1.806      0.887155
   1.809      0.887554
   1.813      0.887934
   1.817      0.888295
   1.821      0.888637
   1.825      0.888960
   1.829      0.889264
   1.832      0.889549
   1.836      0.889816
   1.840      0.890063
   1.844      0.890292
   1.848      0.890501
   1.852      0.890692
   1.855      0.890865
   1.859      0.891018
   1.863      0.891153
   1.867      0.891269
   1.871      0.891366
   1.875      0.891445
   1.878      0.891505
   1.882      0.891547
   1.886      0.891570
   1.890      0.891575
   1.894      0.891561
   1.898      0.891530
   1.901      0.891480
   1.905      0.891411
   1.909      0.891325
   1.913      0.891221
   1.917      0.891098
   1.921      0.890958
   1.924      0.890800
   1.928      0.890624
   1.932      0.890430
   1.936      0.890219
   1.940      0.889990
   1.944      0.889744
   1.947      0.889480
   1.951      0.889199
   1.955      0.888901
   1.959      0.888586
   1.963      0.888254
   1.967      0.887905
   1.970      0.887539
   1.974      0.887156
   1.978      0.886757
   1.982      0.886341
   1.986      0.885909
   1.990      0.885460
   1.993      0.884995
   1.997      0.884514
   2.001      0.884017
   2.005      0.883505
   2.009      0.882976
   2.013      0.882432
   2.016      0.881872
   2.020      0.881297
   2.024      0.880707
   2.028      0.880101
   2.032      0.879480
   2.036      0.878845
   2.039      0.878194
   2.043      0.877529
   2.047      0.876849
   2.051      0.876155
   2.055      0.875447
   2.059      0.874724
   2.062      0.873987
   2.066      0.873236
   2.070      0.872472
   2.074      0.871694
   2.078      0.870902
   2.082      0.870097
   2.085      0.869279
   2.089      0.868447
   2.093      0.867603
   2.097      0.866745
   2.101      0.865875
   2.105      0.864993
   2.108      0.864098
   2.112      0.863190
   2.116      0.862271
   2.120      0.861339
   2.124      0.860395
   2.128      0.859440
   2.131      0.858473
   2.135      0.857495
   2.139      0.856505
   2.143      0.855504
   2.147      0.854492
   2.151      0.853469
   2.154      0.852435
   2.158      0.851391
   2.162      0.850336
   2.166      0.849271
   2.170      0.848195
   2.174      0.847110
   2.177      0.846014
   2.181      0.844909
   2.185      0.843794
   2.189      0.842669
   2.193      0.841535
   2.196      0.840392
   2.200      0.839239
   2.204      0.838078
   2.208      0.836908
   2.212      0.835729
   2.216      0.834541
   2.219      0.833345
   2.223      0.832140
   2.227      0.830928
   2.231      0.829707
   2.235      0.828478
   2.239      0.827242
   2.242      0.825998
   2.246      0.824746
   2.250      0.823487
   2.254      0.822221
   2.258      0.820947
   2.262      0.819666
   2.265      0.818379
   2.269      0.817084
   2.273      0.815783
   2.277      0.814476
   2.281      0.813161
   2.285      0.811841
   2.288      0.810514
   2.292      0.809182
   2.296      0.807843
   2.300      0.806498
   2.304      0.805148
   2.308      0.803792
   2.311      0.802430
   2.315      0.801063
   2.319      0.799691
   2.323      0.798313
   2.327      0.796931
   2.331      0.795543
   2.334      0.794151
   2.338      0.792753
   2.342      0.791351
   2.346      0.789944
   2.350      0.788533
   2.354      0.787118
   2.357      0.785698
   2.361      0.784274
   2.365      0.782845
   2.369      0.781413
   2.373      0.779977
   2.377      0.778537
   2.380      0.777093
   2.384      0.775645
   2.388      0.774194
   2.392      0.772739
   2.396      0.771281
   2.400      0.769820
   2.403      0.768355
   2.407      0.766887
   2.411      0.765416
   2.415      0.763942
   2.419      0.762465
   2.423      0.760985
   2.426      0.759502
   2.430      0.758016
   2.434      0.756528
   2.438      0.755037
   2.442      0.753544
   2.446      0.752048
   2.449      0.750549
   2.453      0.749048
   2.457      0.747545
   2.461      0.746040
   2.465      0.744533
   2.469      0.743023
   2.472      0.741512
   2.476      0.739998
   2.480      0.738482
   2.484      0.736965
   2.488      0.735446
   2.492      0.733925
   2.495      0.732402
   2.499      0.730877
   2.503      0.729351
   2.507      0.727824
   2.511      0.726295
   2.515      0.724764
   2.518      0.723232
   2.522      0.721698
   2.526      0.720164
   2.530      0.718628
   2.534      0.717090
   2.538      0.715552
   2.541      0.714012
   2.545      0.712472
   2.549      0.710930
   2.553      0.709387
   2.557      0.707844
   2.561      0.706299
   2.564      0.704753
   2.568      0.703207
   2.572      0.701660
   2.576      0.700112
   2.580      0.698563
   2.584      0.697014
   2.587      0.695464
   2.591      0.693914
   2.595      0.692363
   2.599      0.690811
   2.603      0.689259
   2.607      0.687707
   2.610      0.686154
   2.614      0.684600
   2.618      0.683047
   2.622      0.681493
   2.626      0.679939
   2.630      0.678385
   2.633      0.676830
   2.637      0.675275
   2.641      0.673721
   2.645      0.672166
   2.649      0.670611
   2.653      0.669056
   2.656      0.667501
   2.660      0.665946
   2.664      0.664391
   2.668      0.662837
   2.672      0.661282
   2.676      0.659728
   2.679      0.658173
   2.683      0.656620
   2.687      0.655066
   2.691      0.653513
   2.695      0.651960
   2.699      0.650407
   2.702      0.648855
   2.706      0.647303
   2.710      0.645751
   2.714      0.644200
   2.718      0.642650
   2.722      0.641100
   2.725      0.639550
   2.729      0.638001
   2.733      0.636453
   2.737      0.634905
   2.741      0.633358
   2.745      0.631812
   2.748      0.630266
   2.752      0.628722
   2.756      0.627177
   2.760      0.625634
   2.764      0.624091
   2.768      0.622550
   2.771      0.621009
   2.775      0.619469
   2.779      0.617929
   2.783      0.616391
   2.787      0.614854
   2.791      0.613317
   2.794      0.611782
   2.798      0.610247
   2.802      0.608714
   2.806      0.607182
   2.810      0.605650
   2.814      0.604120
   2.817      0.602591
   2.821      0.601063
   2.825      0.599536
   2.829      0.598010
   2.833      0.596486
   2.837      0.594962
   2.840      0.593440
   2.844      0.591919
   2.848      0.590399
   2.852      0.588881
   2.856      0.587364
   2.860      0.585848
   2.863      0.584333
   2.867      0.582820
   2.871      0.581308
   2.875      0.579798
   2.879      0.578289
   2.883      0.576781
   2.886      0.575274
   2.890      0.573770
   2.894      0.572266
   2.898      0.570764
   2.902      0.569264
   2.906      0.567765
   2.909      0.566267
   2.913      0.564771
   2.917      0.563277
   2.921      0.561784
   2.925      0.560292
   2.929      0.558803
   2.932      0.557314
   2.936      0.555828
   2.940      0.554343
   2.944      0.552859
   2.948      0.551378
   2.952      0.549898
   2.955      0.548419
   2.959      0.546942
   2.963      0.545467
   2.967      0.543994
   2.971      0.542522
   2.975      0.541053
   2.978      0.539584
   2.982      0.538118
   2.986      0.536653
   2.990      0.535190
   2.994      0.533729
   2.998      0.532270
   3.001      0.530812
   3.005      0.529357
   3.009      0.527903
   3.013      0.526451
   3.017      0.525000
   3.021      0.523552
   3.024      0.522105
   3.028      0.520661
   3.032      0.519218
   3.036      0.517777
   3.040      0.516338
   3.044      0.514901
   3.047      0.513466
   3.051      0.512032
   3.055      0.510601
   3.059      0.509172
   3.063      0.507744
   3.067      0.506319
   3.070      0.504895
   3.074      0.503474
   3.078      0.502054
   3.082      0.500636
   3.086      0.499221
   3.090      0.497807
   3.093      0.496395
   3.097      0.494986
   3.101      0.493578
   3.105      0.492173
   3.109      0.490769
   3.113      0.489368
   3.116      0.487968
   3.120      0.486571
   3.124      0.485175
   3.128      0.483782
   3.132      0.482391
   3.136      0.481002
   3.139      0.479615
   3.143      0.478230
   3.147      0.476847
   3.151      0.475466
   3.155      0.474088
   3.159      0.472711
   3.162      0.471337
   3.166      0.469964
   3.170      0.468594
   3.174      0.467226
   3.178      0.465860
   3.182      0.464496
   3.185      0.463135
   3.189      0.461775
   3.193      0.460418
   3.197      0.459062
   3.201      0.457709
   3.205      0.456359
   3.208      0.455010
   3.212      0.453663
   3.216      0.452319
   3.220      0.450977
   3.224      0.449637
   3.228      0.448299
   3.231      0.446963
   3.235      0.445630
   3.239      0.444299
   3.243      0.442970
   3.247      0.441643
   3.251      0.440318
   3.254      0.438996
   3.258      0.437675
   3.262      0.436357
   3.266      0.435042
   3.270      0.433728
   3.274      0.432417
   3.277      0.431108
   3.281      0.429801
   3.285      0.428496
   3.289      0.427194
   3.293      0.425893
   3.297      0.424595
   3.300      0.423300
   3.304      0.422006
   3.308      0.420715
   3.312      0.419426
   3.316      0.418139
   3.320      0.416855
   3.323      0.415572
   3.327      0.414292
   3.331      0.413015
   3.335      0.411739
   3.339      0.410466
   3.343      0.409195
   3.346      0.407926
   3.350      0.406660
   3.354      0.405395
   3.358      0.404133
   3.362      0.402874
   3.366      0.401616
   3.369      0.400361
   3.373      0.399108
   3.377      0.397857
   3.381      0.396609
   3.385      0.395363
   3.389      0.394119
   3.392      0.392877
   3.396      0.391638
   3.400      0.390401
   3.404      0.389166
   3.408      0.387934
   3.412      0.386703
   3.415      0.385475
   3.419      0.384250
   3.423      0.383026
   3.427      0.381805
   3.431      0.380586
   3.435      0.379369
   3.438      0.378155
   3.442      0.376943
   3.446      0.375733
   3.450      0.374526
   3.454      0.373320
   3.458      0.372117
   3.461      0.370916
   3.465      0.369718
   3.469      0.368522
   3.473      0.367328
   3.477      0.366136
   3.481      0.364947
   3.484      0.363759
   3.488      0.362575
   3.492      0.361392
   3.496      0.360212
   3.500      0.359033
   3.504      0.357858
   3.507      0.356684
   3.511      0.355513
   3.515      0.354344
   3.519      0.353177
   3.523      0.352012
   3.527      0.350850
   3.530      0.349690
   3.534      0.348532
   3.538      0.347376
   3.542      0.346223
   3.546      0.345072
   3.550      0.343923
   3.553      0.342777
   3.557      0.341632
   3.561      0.340490
   3.565      0.339350
   3.569      0.338213
   3.573      0.337078
   3.576      0.335944
   3.580      0.334814
   3.584      0.333685
   3.588      0.332559
   3.592      0.331434
   3.596      0.330312
   3.599      0.329193
   3.603      0.328075
   3.607      0.326960
   3.611      0.325847
   3.615      0.324736
   3.619      0.323628
   3.622      0.322521
   3.626      0.321417
   3.630      0.320315
   3.634      0.319215
   3.638      0.318118
   3.642      0.317022
   3.645      0.315929
   3.649      0.314838
   3.653      0.313750
   3.657      0.312663
   3.661      0.311579
   3.665      0.310497
   3.668      0.309417
   3.672      0.308339
   3.676      0.307264
   3.680      0.306190
   3.684      0.305119
   3.688      0.304050
   3.691      0.302983
   3.695      0.301919
   3.699      0.300856
   3.703      0.299796
   3.707      0.298738
   3.711      0.297682
   3.714      0.296628
   3.718      0.295576
   3.722      0.294527
   3.726      0.293480
   3.730      0.292435
   3.734      0.291392
   3.737      0.290351
   3.741      0.289312
   3.745      0.288275
   3.749      0.287241
   3.753      0.286209
   3.757      0.285179
   3.760      0.284151
   3.764      0.283125
   3.768      0.282101
   3.772      0.281079
   3.776      0.280060
   3.780      0.279043
   3.783      0.278027
   3.787      0.277014
   3.791      0.276003
   3.795      0.274994
   3.799      0.273987
   3.803      0.272983
   3.806      0.271980
   3.810      0.270980
   3.814      0.269981
   3.818      0.268985
   3.822      0.267991
   3.826      0.266998
   3.829      0.266008
   3.833      0.265020
   3.837      0.264034
   3.841      0.263051
   3.845      0.262069
   3.849      0.261089
   3.852      0.260112
   3.856      0.259136
   3.860      0.258162
   3.864      0.257191
   3.868      0.256222
   3.872      0.255254
   3.875      0.254289
   3.879      0.253326
   3.883      0.252364
   3.887      0.251405
   3.891      0.250448
   3.895      0.249493
   3.898      0.248540
   3.902      0.247589
   3.906      0.246640
   3.910      0.245693
   3.914      0.244748
   3.918      0.243805
   3.921      0.242863
   3.925      0.241924
   3.929      0.240987
   3.933      0.240052
   3.937      0.239119
   3.941      0.238188
   3.944      0.237259
   3.948      0.236332
   3.952      0.235407
   3.956      0.234484
   3.960      0.233563
   3.964      0.232644
   3.967      0.231727
   3.971      0.230811
   3.975      0.229898
   3.979      0.228987
   3.983      0.228077
   3.987      0.227170
   3.990      0.226264
   3.994      0.225361
   3.998      0.224459
   4.002      0.223560
   4.006      0.222662
   4.010      0.221766
   4.013      0.220872
   4.017      0.219980
   4.021      0.219090
   4.025      0.218202
   4.029      0.217316
   4.033      0.216432
   4.036      0.215549
   4.040      0.214669
   4.044      0.213790
   4.048      0.212914
   4.052      0.212039
   4.056      0.211166
   4.059      0.210295
   4.063      0.209426
   4.067      0.208558
   4.071      0.207693
   4.075      0.206829
   4.079      0.205968
   4.082      0.205108
   4.086      0.204250
   4.090      0.203394
   4.094      0.202539
   4.098      0.201687
   4.102      0.200836
   4.105      0.199988
   4.109      0.199141
   4.113      0.198296
   4.117      0.197452
   4.121      0.196611
   4.125      0.195771
   4.128      0.194934
   4.132      0.194098
   4.136      0.193264
   4.140      0.192431
   4.144      0.191601
   4.148      0.190772
   4.151      0.189945
   4.155      0.189120
   4.159      0.188296
   4.163      0.187475
   4.167      0.186655
   4.171      0.185837
   4.174      0.185021
   4.178      0.184206
   4.182      0.183394
   4.186      0.182583
   4.190      0.181773
   4.194      0.180966
   4.197      0.180160
   4.201      0.179356
   4.205      0.178554
   4.209      0.177754
   4.213      0.176955
   4.217      0.176158
   4.220      0.175363
   4.224      0.174569
   4.228      0.173777
   4.232      0.172987
   4.236      0.172199
   4.240      0.171412
   4.243      0.170627
   4.247      0.169844
   4.251      0.169062
   4.255      0.168282
   4.259      0.167504
   4.263      0.166728
   4.266      0.165953
   4.270      0.165180
   4.274      0.164408
   4.278      0.163638
   4.282      0.162870
   4.286      0.162104
   4.289      0.161339
   4.293      0.160576
   4.297      0.159814
   4.301      0.159054
   4.305      0.158296
   4.309      0.157540
   4.312      0.156785
   4.316      0.156031
   4.320      0.155280
   4.324      0.154530
   4.328      0.153781
   4.332      0.153034
   4.335      0.152289
   4.339      0.151546
   4.343      0.150804
   4.347      0.150063
   4.351      0.149325
   4.355      0.148587
   4.358      0.147852
   4.362      0.147118
   4.366      0.146386
   4.370      0.145655
   4.374      0.144925
   4.378      0.144198
   4.381      0.143472
   4.385      0.142747
   4.389      0.142024
   4.393      0.141303
   4.397      0.140583
   4.401      0.139865
   4.404      0.139148
   4.408      0.138433
   4.412      0.137719
   4.416      0.137007
   4.420      0.136296
   4.424      0.135587
   4.427      0.134880
   4.431      0.134174
   4.435      0.133469
   4.439      0.132766
   4.443      0.132065
   4.447      0.131365
   4.450      0.130666
   4.454      0.129969
   4.458      0.129274
   4.462      0.128580
   4.466      0.127887
   4.470      0.127196
   4.473      0.126507
   4.477      0.125819
   4.481      0.125132
   4.485      0.124447
   4.489      0.123763
   4.493      0.123081
   4.496      0.122400
   4.500      0.121721
   4.504      0.121043
   4.508      0.120367
   4.512      0.119692
   4.516      0.119018
   4.519      0.118346
   4.523      0.117675
   4.527      0.117006
   4.531      0.116338
   4.535      0.115672
   4.539      0.115007
   4.542      0.114343
   4.546      0.113681
   4.550      0.113020
   4.554      0.112361
   4.558      0.111703
   4.562      0.111046
   4.565      0.110391
   4.569      0.109737
   4.573      0.109085
   4.577      0.108434
   4.581      0.107784
   4.585      0.107136
   4.588      0.106489
   4.592      0.105843
   4.596      0.105199
   4.600      0.104556
   4.604      0.103915
   4.608      0.103275
   4.611      0.102636
   4.615      0.101998
   4.619      0.101362
   4.623      0.100728
   4.627      0.100094
   4.631      0.099462
   4.634      0.098831
   4.638      0.098202
   4.642      0.097573
   4.646      0.096946
   4.650      0.096321
   4.654      0.095697
   4.657      0.095074
   4.661      0.094452
   4.665      0.093831
   4.669      0.093212
   4.673      0.092595
   4.677      0.091978
   4.680      0.091363
   4.684      0.090749
   4.688      0.090136
   4.692      0.089525
   4.696      0.088914
   4.700      0.088305
   4.703      0.087698
   4.707      0.087091
   4.711      0.086486
   4.715      0.085882
   4.719      0.085279
   4.723      0.084678
   4.726      0.084078
   4.730      0.083479
   4.734      0.082881
   4.738      0.082284
   4.742      0.081689
   4.746      0.081095
   4.749      0.080502
   4.753      0.079910
   4.757      0.079320
   4.761      0.078730
   4.765      0.078142
   4.769      0.077555
   4.772      0.076970
   4.776      0.076385
   4.780      0.075802
   4.784      0.075219
   4.788      0.074638
   4.792      0.074059
   4.795      0.073480
   4.799      0.072902
   4.803      0.072326
   4.807      0.071751
   4.811      0.071177
   4.815      0.070604
   4.818      0.070032
   4.822      0.069461
   4.826      0.068892
   4.830      0.068323
   4.834      0.067756
   4.838      0.067190
   4.841      0.066625
   4.845      0.066061
   4.849      0.065498
   4.853      0.064937
   4.857      0.064376
   4.861      0.063817
   4.864      0.063258
   4.868      0.062701
   4.872      0.062145
   4.876      0.061590
   4.880      0.061036
   4.884      0.060483
   4.887      0.059931
   4.891      0.059380
   4.895      0.058831
   4.899      0.058282
   4.903      0.057735
   4.907      0.057188
   4.910      0.056643
   4.914      0.056098
   4.918      0.055555
   4.922      0.055013
   4.926      0.054471
   4.930      0.053931
   4.933      0.053392
   4.937      0.052854
   4.941      0.052317
   4.945      0.051780
   4.949      0.051245
   4.953      0.050711
   4.956      0.050178
   4.960      0.049646
   4.964      0.049115
   4.968      0.048585
   4.972      0.048056
   4.976      0.047528
   4.979      0.047001
   4.983      0.046475
   4.987      0.045949
   4.991      0.045425
   4.995      0.044902
   4.999      0.044380
   5.002      0.043859
   5.006      0.043338
   5.010      0.042819
   5.014      0.042301
   5.018      0.041783
   5.022      0.041267
   5.025      0.040751
   5.029      0.040237
   5.033      0.039723
   5.037      0.039210
   5.041      0.038699
   5.045      0.038188
   5.048      0.037678
   5.052      0.037169
   5.056      0.036661
   5.060      0.036154
   5.064      0.035647
   5.068      0.035142
   5.071      0.034637
   5.075      0.034134
   5.079      0.033631
   5.083      0.033129
   5.087      0.032628
   5.091      0.032128
   5.094      0.031629
   5.098      0.031131
   5.102      0.030634
   5.106      0.030137
   5.110      0.029641
   5.114      0.029147
   5.117      0.028653
   5.121      0.028160
   5.125      0.027667
   5.129      0.027176
   5.133      0.026685
   5.137      0.026196
   5.140      0.025707
   5.144      0.025219
   5.148      0.024732
   5.152      0.024245
   5.156      0.023760
   5.160      0.023275
   5.163      0.022791
   5.167      0.022308
   5.171      0.021825
   5.175      0.021344
   5.179      0.020863
   5.183      0.020383
   5.186      0.019904
   5.190      0.019426
   5.194      0.018948
   5.198      0.018471
   5.202      0.017995
   5.206      0.017520
   5.209      0.017046
   5.213      0.016572
   5.217      0.016099
   5.221      0.015627
   5.225      0.015156
   5.229      0.014685
   5.232      0.014215
   5.236      0.013746
   5.240      0.013277
   5.244      0.012810
   5.248      0.012343
   5.252      0.011876
   5.255      0.011411
   5.259      0.010946
   5.263      0.010482
   5.267      0.010019
   5.271      0.009556
   5.275      0.009094
   5.278      0.008633
   5.282      0.008172
   5.286      0.007713
   5.290      0.007254
   5.294      0.006795
   5.298      0.006337
   5.301      0.005880
   5.305      0.005424
   5.309      0.004968
   5.313      0.004513
   5.317      0.004059
   5.321      0.003605
   5.324      0.003152
   5.328      0.002700
   5.332      0.002248
   5.336      0.001797
   5.340      0.001347
   5.344      0.000897
   5.347      0.000448
   5.351      0.000000
