   0.000   -298.036155
   0.002   -399.158191
   0.005   -199.607178
   0.007   -132.417034
   0.010    -98.822086
   0.012    -78.665250
   0.015    -65.227496
   0.017    -55.629240
   0.020    -48.430689
   0.022    -42.831958
   0.025    -38.353116
   0.027    -34.688751
   0.030    -31.635256
   0.032    -29.051672
   0.035    -26.837313
   0.037    -24.918343
   0.040    -23.239385
   0.042    -21.758090
   0.045    -20.441523
   0.047    -19.263679
   0.050    -18.203757
   0.052    -17.244916
   0.055    -16.373377
   0.057    -15.577758
   0.060    -14.848574
   0.062    -14.177857
   0.064    -13.558865
   0.067    -12.985853
   0.069    -12.453901
   0.072    -11.958762
   0.074    -11.496760
   0.077    -11.064690
   0.079    -10.659749
   0.082    -10.279474
   0.084     -9.921691
   0.087     -9.584474
   0.089     -9.266112
   0.092     -8.965078
   0.094     -8.680007
   0.097     -8.409672
   0.099     -8.152971
   0.102     -7.908907
   0.104     -7.676580
   0.107     -7.455172
   0.109     -7.243941
   0.112     -7.042209
   0.114     -6.849359
   0.117     -6.664824
   0.119     -6.488088
   0.122     -6.318672
   0.124     -6.156140
   0.127     -6.000087
   0.129     -5.850141
   0.131     -5.705957
   0.134     -5.567217
   0.136     -5.433623
   0.139     -5.304901
   0.141     -5.180796
   0.144     -5.061070
   0.146     -4.945501
   0.149     -4.833882
   0.151     -4.726018
   0.154     -4.621730
   0.156     -4.520847
   0.159     -4.423211
   0.161     -4.328673
   0.164     -4.237091
   0.166     -4.148334
   0.169     -4.062279
   0.171     -3.978808
   0.174     -3.897810
   0.176     -3.819183
   0.179     -3.742827
   0.181     -3.668649
   0.184     -3.596562
   0.186     -3.526482
   0.189     -3.458331
   0.191     -3.392033
   0.193     -3.327518
   0.196     -3.264718
   0.198     -3.203569
   0.201     -3.144011
   0.203     -3.085985
   0.206     -3.029436
   0.208     -2.974312
   0.211     -2.920562
   0.213     -2.868140
   0.216     -2.816998
   0.218     -2.767094
   0.221     -2.718387
   0.223     -2.670836
   0.226     -2.624403
   0.228     -2.579053
   0.231     -2.534750
   0.233     -2.491461
   0.236     -2.449154
   0.238     -2.407798
   0.241     -2.367365
   0.243     -2.327826
   0.246     -2.289153
   0.248     -2.251322
   0.251     -2.214307
   0.253     -2.178084
   0.255     -2.142630
   0.258     -2.107923
   0.260     -2.073942
   0.263     -2.040665
   0.265     -2.008074
   0.268     -1.976150
   0.270     -1.944873
   0.273     -1.914227
   0.275     -1.884194
   0.278     -1.854758
   0.280     -1.825903
   0.283     -1.797614
   0.285     -1.769875
   0.288     -1.742674
   0.290     -1.715994
   0.293     -1.689825
   0.295     -1.664152
   0.298     -1.638963
   0.300     -1.614246
   0.303     -1.589990
   0.305     -1.566183
   0.308     -1.542814
   0.310     -1.519873
   0.313     -1.497349
   0.315     -1.475233
   0.318     -1.453514
   0.320     -1.432184
   0.322     -1.411234
   0.325     -1.390654
   0.327     -1.370436
   0.330     -1.350573
   0.332     -1.331055
   0.335     -1.311876
   0.337     -1.293027
   0.340     -1.274502
   0.342     -1.256292
   0.345     -1.238392
   0.347     -1.220795
   0.350     -1.203494
   0.352     -1.186482
   0.355     -1.169754
   0.357     -1.153303
   0.360     -1.137125
   0.362     -1.121212
   0.365     -1.105559
   0.367     -1.090162
   0.370     -1.075014
   0.372     -1.060111
   0.375     -1.045448
   0.377     -1.031020
   0.380     -1.016822
   0.382     -1.002850
   0.384     -0.989099
   0.387     -0.975565
   0.389     -0.962243
   0.392     -0.949129
   0.394     -0.936220
   0.397     -0.923512
   0.399     -0.911000
   0.402     -0.898680
   0.404     -0.886550
   0.407     -0.874606
   0.409     -0.862843
   0.412     -0.851259
   0.414     -0.839851
   0.417     -0.828615
   0.419     -0.817547
   0.422     -0.806646
   0.424     -0.795907
   0.427     -0.785329
   0.429     -0.774907
   0.432     -0.764639
   0.434     -0.754523
   0.437     -0.744555
   0.439     -0.734734
   0.442     -0.725056
   0.444     -0.715519
   0.446     -0.706121
   0.449     -0.696858
   0.451     -0.687730
   0.454     -0.678732
   0.456     -0.669865
   0.459     -0.661124
   0.461     -0.652507
   0.464     -0.644014
   0.466     -0.635641
   0.469     -0.627387
   0.471     -0.619249
   0.474     -0.611226
   0.476     -0.603316
   0.479     -0.595517
   0.481     -0.587826
   0.484     -0.580244
   0.486     -0.572766
   0.489     -0.565392
   0.491     -0.558121
   0.494     -0.550950
   0.496     -0.543878
   0.499     -0.536903
   0.501     -0.530024
   0.504     -0.523239
   0.506     -0.516547
   0.509     -0.509945
   0.511     -0.503434
   0.513     -0.497011
   0.516     -0.490676
   0.518     -0.484425
   0.521     -0.478259
   0.523     -0.472177
   0.526     -0.466176
   0.528     -0.460255
   0.531     -0.454414
   0.533     -0.448650
   0.536     -0.442964
   0.538     -0.437353
   0.541     -0.431817
   0.543     -0.426354
   0.546     -0.420963
   0.548     -0.415644
   0.551     -0.410395
   0.553     -0.405215
   0.556     -0.400103
   0.558     -0.395058
   0.561     -0.390079
   0.563     -0.385165
   0.566     -0.380316
   0.568     -0.375530
   0.571     -0.370806
   0.573     -0.366143
   0.575     -0.361541
   0.578     -0.356999
   0.580     -0.352515
   0.583     -0.348089
   0.585     -0.343721
   0.588     -0.339408
   0.590     -0.335152
   0.593     -0.330949
   0.595     -0.326801
   0.598     -0.322706
   0.600     -0.318663
   0.603     -0.314672
   0.605     -0.310732
   0.608     -0.306842
   0.610     -0.303002
   0.613     -0.299211
   0.615     -0.295467
   0.618     -0.291771
   0.620     -0.288122
   0.623     -0.284519
   0.625     -0.280962
   0.628     -0.277450
   0.630     -0.273982
   0.633     -0.270557
   0.635     -0.267176
   0.637     -0.263837
   0.640     -0.260540
   0.642     -0.257285
   0.645     -0.254070
   0.647     -0.250896
   0.650     -0.247761
   0.652     -0.244665
   0.655     -0.241608
   0.657     -0.238590
   0.660     -0.235608
   0.662     -0.232664
   0.665     -0.229757
   0.667     -0.226886
   0.670     -0.224050
   0.672     -0.221250
   0.675     -0.218484
   0.677     -0.215753
   0.680     -0.213055
   0.682     -0.210391
   0.685     -0.207760
   0.687     -0.205161
   0.690     -0.202594
   0.692     -0.200059
   0.695     -0.197556
   0.697     -0.195083
   0.700     -0.192640
   0.702     -0.190228
   0.704     -0.187845
   0.707     -0.185491
   0.709     -0.183167
   0.712     -0.180871
   0.714     -0.178603
   0.717     -0.176363
   0.719     -0.174150
   0.722     -0.171965
   0.724     -0.169806
   0.727     -0.167674
   0.729     -0.165567
   0.732     -0.163487
   0.734     -0.161432
   0.737     -0.159402
   0.739     -0.157397
   0.742     -0.155416
   0.744     -0.153459
   0.747     -0.151526
   0.749     -0.149617
   0.752     -0.147731
   0.754     -0.145868
   0.757     -0.144028
   0.759     -0.142210
   0.762     -0.140414
   0.764     -0.138640
   0.766     -0.136888
   0.769     -0.135157
   0.771     -0.133447
   0.774     -0.131758
   0.776     -0.130089
   0.779     -0.128440
   0.781     -0.126812
   0.784     -0.125203
   0.786     -0.123614
   0.789     -0.122044
   0.791     -0.120493
   0.794     -0.118961
   0.796     -0.117448
   0.799     -0.115953
   0.801     -0.114476
   0.804     -0.113017
   0.806     -0.111575
   0.809     -0.110152
   0.811     -0.108745
   0.814     -0.107355
   0.816     -0.105983
   0.819     -0.104627
   0.821     -0.103287
   0.824     -0.101963
   0.826     -0.100656
   0.828     -0.099364
   0.831     -0.098089
   0.833     -0.096828
   0.836     -0.095583
   0.838     -0.094353
   0.841     -0.093138
   0.843     -0.091937
   0.846     -0.090751
   0.848     -0.089580
   0.851     -0.088423
   0.853     -0.087279
   0.856     -0.086150
   0.858     -0.085034
   0.861     -0.083932
   0.863     -0.082843
   0.866     -0.081768
   0.868     -0.080705
   0.871     -0.079655
   0.873     -0.078619
   0.876     -0.077594
   0.878     -0.076582
   0.881     -0.075583
   0.883     -0.074596
   0.886     -0.073620
   0.888     -0.072657
   0.891     -0.071705
   0.893     -0.070765
   0.895     -0.069836
   0.898     -0.068918
   0.900     -0.068012
   0.903     -0.067117
   0.905     -0.066232
   0.908     -0.065359
   0.910     -0.064496
   0.913     -0.063643
   0.915     -0.062801
   0.918     -0.061970
   0.920     -0.061148
   0.923     -0.060337
   0.925     -0.059535
   0.928     -0.058743
   0.930     -0.057961
   0.933     -0.057189
   0.935     -0.056426
   0.938     -0.055672
   0.940     -0.054928
   0.943     -0.054192
   0.945     -0.053466
   0.948     -0.052748
   0.950     -0.052040
   0.953     -0.051340
   0.955     -0.050649
   0.957     -0.049966
   0.960     -0.049292
   0.962     -0.048626
   0.965     -0.047968
   0.967     -0.047318
   0.970     -0.046676
   0.972     -0.046043
   0.975     -0.045417
   0.977     -0.044798
   0.980     -0.044188
   0.982     -0.043585
   0.985     -0.042989
   0.987     -0.042401
   0.990     -0.041820
   0.992     -0.041247
   0.995     -0.040680
   0.997     -0.040121
   1.000     -0.039568
   1.002     -0.039023
   1.005     -0.038484
   1.007     -0.037952
   1.010     -0.037426
   1.012     -0.036907
   1.015     -0.036395
   1.017     -0.035889
   1.019     -0.035389
   1.022     -0.034896
   1.024     -0.034409
   1.027     -0.033928
   1.029     -0.033453
   1.032     -0.032984
   1.034     -0.032520
   1.037     -0.032063
   1.039     -0.031611
   1.042     -0.031166
   1.044     -0.030725
   1.047     -0.030291
   1.049     -0.029861
   1.052     -0.029438
   1.054     -0.029019
   1.057     -0.028606
   1.059     -0.028198
   1.062     -0.027796
   1.064     -0.027398
   1.067     -0.027006
   1.069     -0.026619
   1.072     -0.026236
   1.074     -0.025858
   1.077     -0.025486
   1.079     -0.025118
   1.082     -0.024754
   1.084     -0.024396
   1.086     -0.024042
   1.089     -0.023692
   1.091     -0.023347
   1.094     -0.023007
   1.096     -0.022671
   1.099     -0.022339
   1.101     -0.022012
   1.104     -0.021688
   1.106     -0.021369
   1.109     -0.021055
   1.111     -0.020744
   1.114     -0.020437
   1.116     -0.020134
   1.119     -0.019835
   1.121     -0.019541
   1.124     -0.019250
   1.126     -0.018962
   1.129     -0.018679
   1.131     -0.018399
   1.134     -0.018123
   1.136     -0.017851
   1.139     -0.017582
   1.141     -0.017317
   1.144     -0.017055
   1.146     -0.016797
   1.148     -0.016542
   1.151     -0.016290
   1.153     -0.016042
   1.156     -0.015797
   1.158     -0.015556
   1.161     -0.015317
   1.163     -0.015082
   1.166     -0.014850
   1.168     -0.014621
   1.171     -0.014395
   1.173     -0.014173
   1.176     -0.013953
   1.178     -0.013736
   1.181     -0.013522
   1.183     -0.013311
   1.186     -0.013103
   1.188     -0.012898
   1.191     -0.012695
   1.193     -0.012495
   1.196     -0.012298
   1.198     -0.012104
   1.201     -0.011912
   1.203     -0.011723
   1.206     -0.011537
   1.208     -0.011353
   1.210     -0.011171
   1.213     -0.010993
   1.215     -0.010816
   1.218     -0.010642
   1.220     -0.010471
   1.223     -0.010302
   1.225     -0.010135
   1.228     -0.009970
   1.230     -0.009808
   1.233     -0.009648
   1.235     -0.009490
   1.238     -0.009335
   1.240     -0.009182
   1.243     -0.009031
   1.245     -0.008882
   1.248     -0.008735
   1.250     -0.008590
   1.253     -0.008447
   1.255     -0.008307
   1.258     -0.008168
   1.260     -0.008031
   1.263     -0.007896
   1.265     -0.007764
   1.268     -0.007633
   1.270     -0.007504
   1.273     -0.007377
   1.275     -0.007251
   1.277     -0.007128
   1.280     -0.007006
   1.282     -0.006886
   1.285     -0.006768
   1.287     -0.006651
   1.290     -0.006537
   1.292     -0.006424
   1.295     -0.006312
   1.297     -0.006202
   1.300     -0.006094
   1.302     -0.005988
   1.305     -0.005883
   1.307     -0.005779
   1.310     -0.005677
   1.312     -0.005577
   1.315     -0.005478
   1.317     -0.005381
   1.320     -0.005285
   1.322     -0.005190
   1.325     -0.005097
   1.327     -0.005006
   1.330     -0.004915
   1.332     -0.004827
   1.335     -0.004739
   1.337     -0.004653
   1.339     -0.004568
   1.342     -0.004485
   1.344     -0.004402
   1.347     -0.004321
   1.349     -0.004242
   1.352     -0.004163
   1.354     -0.004086
   1.357     -0.004010
   1.359     -0.003935
   1.362     -0.003861
   1.364     -0.003788
   1.367     -0.003717
   1.369     -0.003647
   1.372     -0.003578
   1.374     -0.003509
   1.377     -0.003442
   1.379     -0.003377
   1.382     -0.003312
   1.384     -0.003248
   1.387     -0.003185
   1.389     -0.003123
   1.392     -0.003062
   1.394     -0.003003
   1.397     -0.002944
   1.399     -0.002886
   1.401     -0.002829
   1.404     -0.002773
   1.406     -0.002718
   1.409     -0.002664
   1.411     -0.002611
   1.414     -0.002558
   1.416     -0.002507
   1.419     -0.002456
   1.421     -0.002406
   1.424     -0.002357
   1.426     -0.002309
   1.429     -0.002262
   1.431     -0.002215
   1.434     -0.002170
   1.436     -0.002125
   1.439     -0.002080
   1.441     -0.002037
   1.444     -0.001994
   1.446     -0.001952
   1.449     -0.001911
   1.451     -0.001871
   1.454     -0.001831
   1.456     -0.001792
   1.459     -0.001753
   1.461     -0.001716
   1.464     -0.001679
   1.466     -0.001642
   1.468     -0.001607
   1.471     -0.001571
   1.473     -0.001537
   1.476     -0.001503
   1.478     -0.001470
   1.481     -0.001437
   1.483     -0.001405
   1.486     -0.001374
   1.488     -0.001343
   1.491     -0.001313
   1.493     -0.001283
   1.496     -0.001254
   1.498     -0.001225
   1.501     -0.001197
   1.503     -0.001169
   1.506     -0.001142
   1.508     -0.001116
   1.511     -0.001089
   1.513     -0.001064
   1.516     -0.001039
   1.518     -0.001014
   1.521     -0.000990
   1.523     -0.000966
   1.526     -0.000943
   1.528     -0.000921
   1.530     -0.000898
   1.533     -0.000876
   1.535     -0.000855
   1.538     -0.000834
   1.540     -0.000813
   1.543     -0.000793
   1.545     -0.000773
   1.548     -0.000754
   1.550     -0.000735
   1.553     -0.000717
   1.555     -0.000698
   1.558     -0.000681
   1.560     -0.000663
   1.563     -0.000646
   1.565     -0.000629
   1.568     -0.000613
   1.570     -0.000597
   1.573     -0.000581
   1.575     -0.000566
   1.578     -0.000551
   1.580     -0.000536
   1.583     -0.000522
   1.585     -0.000507
   1.588     -0.000494
   1.590     -0.000480
   1.592     -0.000467
   1.595     -0.000454
   1.597     -0.000441
   1.600     -0.000429
   1.602     -0.000417
   1.605     -0.000405
   1.607     -0.000394
   1.610     -0.000383
   1.612     -0.000372
   1.615     -0.000361
   1.617     -0.000350
   1.620     -0.000340
   1.622     -0.000330
   1.625     -0.000320
   1.627     -0.000311
   1.630     -0.000301
   1.632     -0.000292
   1.635     -0.000283
   1.637     -0.000275
   1.640     -0.000266
   1.642     -0.000258
   1.645     -0.000250
   1.647     -0.000242
   1.650     -0.000235
   1.652     -0.000227
   1.655     -0.000220
   1.657     -0.000213
   1.659     -0.000206
   1.662     -0.000199
   1.664     -0.000193
   1.667     -0.000186
   1.669     -0.000180
   1.672     -0.000174
   1.674     -0.000168
   1.677     -0.000162
   1.679     -0.000157
   1.682     -0.000151
   1.684     -0.000146
   1.687     -0.000141
   1.689     -0.000136
   1.692     -0.000131
   1.694     -0.000127
   1.697     -0.000122
   1.699     -0.000118
   1.702     -0.000113
   1.704     -0.000109
   1.707     -0.000105
   1.709     -0.000101
   1.712     -0.000097
   1.714     -0.000093
   1.717     -0.000090
   1.719     -0.000086
   1.721     -0.000083
   1.724     -0.000080
   1.726     -0.000077
   1.729     -0.000073
   1.731     -0.000070
   1.734     -0.000068
   1.736     -0.000065
   1.739     -0.000062
   1.741     -0.000059
   1.744     -0.000057
   1.746     -0.000055
   1.749     -0.000052
   1.751     -0.000050
   1.754     -0.000048
   1.756     -0.000046
   1.759     -0.000043
   1.761     -0.000042
   1.764     -0.000040
   1.766     -0.000038
   1.769     -0.000036
   1.771     -0.000034
   1.774     -0.000033
   1.776     -0.000031
   1.779     -0.000030
   1.781     -0.000028
   1.783     -0.000027
   1.786     -0.000025
   1.788     -0.000024
   1.791     -0.000023
   1.793     -0.000022
   1.796     -0.000020
   1.798     -0.000019
   1.801     -0.000018
   1.803     -0.000017
   1.806     -0.000016
   1.808     -0.000015
   1.811     -0.000014
   1.813     -0.000014
   1.816     -0.000013
   1.818     -0.000012
   1.821     -0.000011
   1.823     -0.000011
   1.826     -0.000010
   1.828     -0.000009
   1.831     -0.000009
   1.833     -0.000008
   1.836     -0.000008
   1.838     -0.000007
   1.841     -0.000007
   1.843     -0.000006
   1.846     -0.000006
   1.848     -0.000005
   1.850     -0.000005
   1.853     -0.000005
   1.855     -0.000004
   1.858     -0.000004
   1.860     -0.000004
   1.863     -0.000003
   1.865     -0.000003
   1.868     -0.000003
   1.870     -0.000003
   1.873     -0.000002
   1.875     -0.000002
   1.878     -0.000002
   1.880     -0.000002
   1.883     -0.000002
   1.885     -0.000001
   1.888     -0.000001
   1.890     -0.000001
   1.893     -0.000001
   1.895     -0.000001
   1.898     -0.000001
   1.900     -0.000001
   1.903     -0.000001
   1.905     -0.000001
   1.908      0.000000
   1.910      0.000000
   1.912      0.000000
   1.915      0.000000
   1.917      0.000000
   1.920      0.000000
   1.922      0.000000
   1.925      0.000000
   1.927      0.000000
   1.930      0.000000
   1.932      0.000000
   1.935      0.000000
   1.937      0.000000
   1.940      0.000000
   1.942      0.000000
   1.945      0.000000
   1.947      0.000000
   1.950      0.000000
   1.952      0.000000
   1.955      0.000000
   1.957      0.000000
   1.960      0.000000
   1.962      0.000000
   1.965      0.000000
   1.967      0.000000
   1.970      0.000000
   1.972      0.000000
   1.974      0.000000
   1.977      0.000000
   1.979      0.000000
   1.982      0.000000
   1.984      0.000000
